49
433494434 701408730
433494434 701408731
433494434 701408732
433494434 701408733
433494434 701408734
433494434 701408735
433494434 701408736
433494435 701408730
433494435 701408731
433494435 701408732
433494435 701408733
433494435 701408734
433494435 701408735
433494435 701408736
433494436 701408730
433494436 701408731
433494436 701408732
433494436 701408733
433494436 701408734
433494436 701408735
433494436 701408736
433494437 701408730
433494437 701408731
433494437 701408732
433494437 701408733
433494437 701408734
433494437 701408735
433494437 701408736
433494438 701408730
433494438 701408731
433494438 701408732
433494438 701408733
433494438 701408734
433494438 701408735
433494438 701408736
433494439 701408730
433494439 701408731
433494439 701408732
433494439 701408733
433494439 701408734
433494439 701408735
433494439 701408736
433494440 701408730
433494440 701408731
433494440 701408732
433494440 701408733
433494440 701408734
433494440 701408735
433494440 701408736
