8 36
1 1 -3
1 2 -2
1 3 2
1 4 6
1 5 -2
1 6 6
1 7 -4
1 8 6
2 2 -7
2 3 -1
2 4 0
2 5 -9
2 6 -7
2 7 -11
2 8 7
3 3 -19
3 4 9
3 5 -12
3 6 -9
3 7 -6
3 8 4
4 4 5
4 5 -4
4 6 -6
4 7 -3
4 8 -8
5 5 8
5 6 5
5 7 -18
5 8 -10
6 6 -18
6 7 0
6 8 -20
7 7 -9
7 8 5
8 8 9
5328
2 2 27
2 4 5
2 5 27
3 32 33
6 4 29
1 14 19
3 20 23
4 1 31
1 9 18
3 22 32
2 1 5
1 23 36
2 30 31
4 8 32
5 1 19
4 17 27
5 23 24
3 21 28
2 1 3
2 16 31
3 8 12
6 1 1
4 12 17
1 14 31
2 8 22
3 2 32
3 11 34
4 17 28
1 6 12
6 2 23
4 3 33
5 4 16
2 5 12
7 14 24
1 1 3
3 15 36
2 15 27
3 6 8
1 3 36
2 29 35
1 1 7
1 10 27
5 7 7
1 27 36
3 5 27
1 7 21
3 1 7
3 3 34
3 15 16
2 5 22
5 5 29
5 3 12
5 4 19
1 2 23
7 5 8
7 1 25
1 7 12
4 2 28
1 1 9
3 7 21
2 4 9
2 31 36
4 16 34
5 16 25
1 6 32
1 10 34
1 13 33
4 10 26
1 34 36
2 1 29
5 3 35
1 20 33
1 24 32
6 5 6
4 10 13
1 10 17
1 15 35
6 6 36
4 7 13
4 28 30
2 27 33
2 10 19
2 4 13
2 16 27
4 5 23
4 6 17
4 17 29
2 16 36
3 33 33
2 4 30
1 17 27
3 16 35
5 1 33
2 9 9
1 19 26
1 25 25
1 21 36
2 13 21
3 13 27
2 18 21
2 10 29
7 9 16
1 20 22
2 9 12
3 5 29
5 3 9
6 18 23
2 3 15
2 19 33
1 19 29
4 7 28
1 17 28
2 26 35
1 28 35
1 19 31
1 22 32
2 8 23
1 27 32
2 9 26
4 20 21
4 25 35
2 6 18
1 2 19
4 1 25
2 4 22
2 7 17
4 21 25
2 2 26
2 18 30
7 4 13
1 4 7
5 1 28
1 19 27
5 12 18
3 19 31
2 7 23
4 23 32
6 10 24
1 31 36
2 5 19
1 18 24
5 8 29
5 9 22
4 14 32
6 18 33
3 3 16
2 9 13
8 1 26
5 14 26
2 12 16
4 28 35
6 33 34
1 26 28
2 28 30
2 6 8
4 9 19
3 12 15
2 13 15
5 24 27
4 17 34
1 17 36
4 3 35
2 3 9
2 14 27
2 16 23
6 5 8
3 9 34
1 26 26
2 18 20
1 25 28
3 34 35
6 3 29
2 1 27
2 18 24
8 8 18
6 3 27
2 8 33
4 5 18
3 19 28
4 1 28
2 24 27
1 13 16
5 19 35
3 27 33
5 1 17
3 5 6
2 2 31
5 3 13
4 19 20
3 8 13
2 14 14
6 2 18
2 21 32
2 16 17
1 2 17
4 29 32
1 28 33
2 24 31
3 29 35
2 10 13
3 26 33
5 7 30
3 3 11
1 7 30
2 11 15
1 3 21
1 10 13
1 7 25
2 14 25
3 5 5
3 6 17
2 8 34
7 27 28
2 2 16
3 27 27
2 16 30
1 5 19
1 27 27
6 22 26
1 35 36
4 8 31
1 29 34
2 9 10
3 21 31
1 6 23
1 8 29
4 10 21
1 9 21
2 12 26
4 9 9
2 1 9
6 5 13
2 2 11
1 16 34
2 26 27
1 15 31
5 2 27
4 17 35
3 5 26
3 4 9
4 15 26
1 18 34
1 31 34
5 7 19
4 4 32
5 3 8
3 27 28
2 11 13
3 16 28
2 13 24
5 12 19
3 1 13
1 13 27
4 1 2
2 6 26
1 13 20
3 3 27
1 9 31
4 9 17
4 24 31
2 6 35
7 8 16
4 18 22
1 4 35
5 2 18
3 25 36
3 21 22
2 7 18
1 18 32
4 20 24
3 16 34
3 14 36
3 2 11
8 6 24
3 17 18
6 4 15
2 5 15
3 6 30
5 15 23
3 8 27
2 4 33
5 9 32
6 9 32
2 15 36
4 12 29
3 11 13
1 2 26
3 8 11
4 36 36
6 3 30
3 1 36
2 27 27
1 30 30
5 19 24
6 10 22
8 3 5
2 20 29
2 26 33
1 4 11
2 24 30
7 4 20
3 8 19
5 16 31
2 18 23
6 13 21
6 7 13
8 7 22
2 14 16
7 11 23
7 13 19
2 11 19
3 4 11
6 17 20
7 6 29
2 5 36
2 32 36
7 20 26
3 2 7
3 15 30
5 9 34
1 14 22
1 7 15
2 10 21
3 5 25
7 2 13
1 21 31
2 10 31
2 17 25
2 31 35
1 15 27
3 16 27
2 24 36
4 34 35
3 12 18
3 11 30
2 10 18
4 10 17
7 7 32
5 20 25
2 12 20
1 13 34
5 14 29
2 2 6
3 5 22
2 10 11
5 4 18
1 24 33
3 33 35
1 1 34
6 3 16
4 7 34
2 8 14
4 2 34
2 20 21
2 19 21
1 5 18
2 17 29
3 26 36
1 27 33
3 31 32
4 3 16
1 24 31
3 9 30
1 33 35
5 9 18
7 20 22
2 9 15
7 35 36
3 4 36
1 6 33
1 12 24
3 2 15
1 4 29
5 6 34
5 8 28
3 2 4
4 17 36
1 4 13
2 23 35
5 1 21
4 28 28
5 13 18
1 3 32
3 1 9
6 2 30
4 22 35
7 9 33
3 27 36
3 20 28
8 4 10
3 28 32
7 2 7
3 24 26
1 10 28
3 10 11
3 22 25
3 11 24
5 16 35
3 2 19
4 25 31
2 13 36
4 12 15
4 3 8
2 19 26
2 2 20
1 28 31
1 4 25
2 19 22
2 1 30
1 24 25
4 6 6
6 25 27
1 1 15
3 22 28
4 8 12
7 1 21
8 4 8
1 17 30
4 20 26
4 7 29
2 5 13
5 7 22
7 15 25
4 2 21
3 26 26
5 2 15
2 16 32
2 12 14
1 16 22
3 34 34
3 3 36
1 28 30
3 1 17
1 3 19
2 15 30
2 2 7
3 20 35
1 12 20
1 9 20
2 15 35
4 10 12
6 6 17
2 22 27
8 8 16
2 17 19
4 6 11
2 4 26
4 7 12
2 6 29
2 13 13
6 2 34
2 27 35
6 9 26
2 1 18
8 9 14
1 27 29
4 28 31
3 13 25
2 7 9
3 3 3
5 18 25
4 31 35
1 3 22
3 18 22
1 12 31
1 17 26
2 35 36
1 23 33
2 25 30
2 13 31
2 6 17
4 4 17
1 22 25
1 21 29
2 16 35
2 20 22
3 7 25
5 29 36
2 6 27
1 21 35
4 12 13
2 10 27
1 16 20
4 21 31
4 18 31
4 19 22
1 19 36
1 30 35
4 11 19
4 13 26
1 16 21
1 5 8
2 25 33
7 3 3
1 10 11
3 18 20
2 15 31
4 11 22
1 30 31
3 8 17
4 10 29
1 21 24
2 4 32
1 5 15
6 4 17
4 8 19
3 2 30
1 20 20
2 9 28
1 26 32
8 25 33
3 11 20
1 28 32
4 8 8
5 5 36
3 30 33
1 2 7
2 3 33
6 17 18
1 1 21
3 19 23
6 32 36
5 30 33
3 23 29
1 33 33
2 7 25
2 10 22
2 27 29
5 11 24
7 7 16
1 24 35
4 30 34
2 10 17
2 3 22
1 5 34
1 29 31
3 19 29
4 33 33
2 13 20
2 24 32
5 8 12
2 25 26
1 7 31
1 9 15
3 6 15
2 12 18
3 17 23
6 7 14
1 2 14
2 5 6
5 2 24
2 12 22
6 24 32
6 25 25
4 8 36
4 4 24
5 24 25
4 3 21
3 2 27
4 1 13
3 12 20
3 28 30
6 36 36
2 19 30
4 24 28
3 6 22
2 16 18
1 12 13
5 3 22
7 36 36
1 11 21
1 11 36
4 20 20
2 9 17
2 31 33
1 23 25
5 20 35
3 21 25
2 2 15
6 24 28
1 25 31
2 15 17
4 3 14
2 5 11
2 18 27
6 20 24
2 16 33
3 16 24
3 4 20
1 12 27
1 32 33
5 6 23
8 14 22
1 9 17
2 9 32
3 9 14
8 18 32
2 3 16
6 6 13
2 15 32
6 8 32
1 19 24
8 3 8
2 5 8
2 13 14
2 9 11
5 19 30
4 10 27
2 17 26
1 25 26
1 20 36
1 20 23
3 3 35
4 19 25
1 12 29
2 2 30
1 6 36
7 1 14
5 15 16
3 32 35
3 12 36
3 4 5
5 10 28
6 21 29
2 1 36
2 5 35
7 28 28
4 13 27
2 23 36
1 23 26
3 1 27
5 17 17
1 3 9
2 1 1
4 27 27
3 8 24
4 18 23
2 20 30
2 2 33
4 9 25
1 6 30
2 1 32
2 5 29
2 1 14
8 6 9
3 19 19
4 24 36
4 14 19
4 1 11
3 28 36
6 1 24
4 5 25
2 5 28
6 2 28
4 15 23
6 6 30
5 10 17
3 4 7
1 6 22
4 4 8
1 6 24
3 17 31
4 14 23
1 1 18
3 5 30
3 27 32
2 12 23
4 4 23
6 10 23
1 1 10
4 32 32
2 13 16
7 7 34
2 4 12
4 10 22
1 19 25
5 5 26
5 5 23
1 1 13
7 11 13
3 18 36
1 16 17
3 9 20
8 25 32
4 21 35
5 16 24
5 9 36
2 3 13
7 2 31
1 14 20
1 1 36
4 19 34
6 10 29
2 5 30
7 21 25
2 2 12
3 8 33
3 12 28
4 17 25
3 23 28
3 19 20
2 19 31
4 6 13
4 16 16
5 3 30
7 3 23
5 12 27
4 3 10
2 25 28
5 5 17
4 9 14
1 8 18
4 13 24
3 4 26
3 28 35
3 25 27
3 2 29
4 30 36
3 19 34
1 14 36
1 17 32
6 9 19
3 5 15
3 7 30
1 7 20
6 7 24
3 3 7
2 1 21
4 14 28
3 22 24
3 9 33
3 22 22
4 8 29
4 6 25
2 21 31
5 6 36
3 10 26
2 9 27
2 19 27
1 6 21
3 7 22
2 15 20
3 2 28
2 12 30
6 6 34
4 6 34
1 5 28
4 15 25
7 6 10
1 10 23
6 11 18
2 13 19
3 10 23
4 15 30
2 27 30
5 23 25
3 11 17
2 13 22
8 6 18
6 6 22
5 3 23
3 9 16
6 3 5
2 20 32
7 21 34
7 1 17
6 2 25
3 24 33
3 2 24
3 6 9
1 6 27
4 8 30
5 1 1
2 11 24
8 2 20
4 12 21
6 4 13
4 11 28
2 6 6
4 15 17
4 11 13
6 14 30
1 6 14
7 2 22
1 12 14
7 3 19
2 12 27
4 20 33
1 13 21
1 3 35
5 12 28
2 14 19
1 24 36
1 1 23
4 2 5
3 7 15
4 10 31
4 6 10
2 20 25
3 27 30
5 17 23
1 6 8
1 14 28
4 1 10
3 2 5
3 14 21
2 16 29
1 8 24
2 6 28
1 3 25
2 8 21
3 20 34
3 21 24
3 4 25
2 15 29
3 9 28
4 10 25
7 2 18
2 5 25
2 12 28
3 10 14
1 17 21
3 11 16
1 2 3
5 17 31
5 5 20
5 24 33
2 18 19
3 10 30
2 2 2
6 11 21
6 16 35
2 17 33
2 24 28
3 6 14
7 8 10
5 6 18
1 5 9
4 1 5
1 8 30
2 8 15
6 25 26
2 17 36
1 15 24
3 4 23
5 14 19
1 13 17
1 2 11
1 18 31
4 21 26
5 10 15
2 20 31
2 11 27
1 4 18
5 27 34
1 4 8
2 9 34
6 18 18
3 30 36
3 3 24
6 12 36
3 3 31
3 12 35
1 16 35
3 12 19
8 17 31
3 7 13
1 26 30
3 5 11
3 11 14
1 26 35
2 8 17
2 4 8
2 2 21
3 3 4
2 8 30
4 13 15
4 9 27
3 30 30
3 27 35
2 22 22
2 4 20
3 30 35
3 7 29
1 20 30
3 3 10
1 8 13
7 7 29
6 14 15
7 13 22
4 12 25
1 5 25
4 2 3
2 21 29
1 25 27
4 5 33
4 12 30
5 6 20
7 21 30
8 13 19
1 14 25
3 13 26
2 11 11
4 3 34
1 11 16
5 2 21
5 3 26
2 22 33
4 21 22
5 2 32
1 7 36
3 6 35
4 25 32
4 26 30
3 23 23
8 8 12
8 7 13
1 15 22
1 23 28
3 10 27
2 3 12
5 16 27
3 11 18
1 9 12
3 14 18
1 11 30
3 2 8
2 1 15
2 10 10
1 7 29
2 21 34
3 21 23
1 23 29
2 22 30
1 23 27
4 2 27
5 3 4
6 1 12
2 23 23
7 16 31
2 23 25
1 5 27
5 4 29
2 4 35
3 9 31
2 12 34
6 6 19
1 6 6
5 8 9
1 18 27
6 5 36
3 2 2
4 10 28
7 8 11
3 18 24
1 15 28
6 8 18
3 10 18
2 33 33
2 5 21
4 3 19
1 2 30
1 2 21
1 11 14
6 17 28
3 10 10
2 9 30
2 11 29
3 14 25
4 13 33
6 9 33
5 13 17
3 10 17
4 6 30
1 8 32
6 6 9
3 1 34
4 2 15
3 24 34
3 13 34
3 1 16
5 9 20
2 6 14
4 5 6
1 10 21
7 11 12
4 23 28
2 30 32
2 34 34
1 14 27
1 8 33
7 8 25
2 10 24
3 12 32
5 5 14
3 20 32
5 36 36
7 2 10
2 13 28
4 15 15
1 3 4
1 18 29
7 13 14
4 24 24
7 6 15
3 6 32
1 13 36
3 7 10
6 13 28
2 11 14
7 29 35
5 10 33
1 16 25
4 2 16
2 12 29
5 23 28
1 10 25
2 17 18
1 10 31
6 15 16
2 30 30
4 16 30
3 9 24
8 14 30
5 21 33
2 12 32
5 3 10
1 8 22
5 2 34
8 7 23
3 15 34
7 11 16
5 8 33
5 8 15
6 2 22
1 1 14
3 8 25
2 29 36
2 21 27
3 4 31
4 16 32
1 13 31
1 12 19
2 12 12
3 5 14
3 1 19
5 17 22
1 10 19
2 30 33
7 24 35
4 8 21
6 6 21
5 11 17
2 19 19
2 17 22
5 13 14
1 12 21
4 12 27
1 35 35
4 16 24
8 4 26
5 4 5
2 11 22
5 15 22
4 11 32
3 7 9
2 10 30
7 11 31
8 11 19
3 18 21
3 4 16
5 19 25
7 3 32
1 7 16
5 14 35
6 5 16
8 3 30
5 18 20
2 10 16
3 13 24
8 7 8
4 13 29
1 7 10
5 6 22
1 25 30
3 28 34
3 15 25
6 8 15
3 2 23
3 4 34
4 6 14
6 10 35
4 9 29
3 3 15
3 5 7
3 14 24
8 25 30
1 14 35
3 5 17
1 11 20
3 7 23
1 12 28
1 25 32
2 4 28
6 16 26
2 21 30
5 7 27
5 26 30
7 14 33
6 29 35
3 11 15
3 17 29
4 5 34
1 9 9
8 12 36
4 7 25
1 4 19
2 16 25
4 26 29
1 6 9
8 4 12
5 8 16
8 3 27
2 13 29
5 4 20
3 15 31
5 12 12
5 6 30
2 17 21
6 1 20
1 16 28
3 10 21
1 8 11
3 24 31
4 1 23
7 28 30
7 1 2
3 10 36
6 3 7
4 5 27
4 11 21
2 6 7
4 27 33
3 4 17
5 26 32
1 3 26
4 32 35
5 28 30
3 19 22
8 8 32
7 12 16
3 9 21
5 10 24
1 1 26
1 8 28
5 1 22
6 2 3
3 8 32
2 24 33
4 22 27
7 34 35
4 16 36
1 23 32
1 11 22
1 4 27
3 2 10
5 6 27
4 20 25
4 7 22
8 2 23
8 27 30
3 18 23
1 9 22
4 14 36
3 8 35
2 25 27
3 19 21
2 21 26
7 6 11
8 14 17
4 14 35
4 4 33
6 3 23
4 6 23
1 27 34
3 23 35
1 21 28
1 1 2
3 14 19
3 13 36
7 12 21
5 8 31
3 7 20
8 16 25
1 1 28
2 21 24
6 8 21
4 29 34
1 1 30
8 13 29
6 26 30
1 3 15
5 3 20
4 10 23
7 8 9
4 26 33
1 21 34
5 28 32
3 29 31
4 4 13
8 10 16
3 28 33
4 2 24
3 3 29
8 1 14
4 23 26
8 15 31
2 12 21
4 6 36
6 19 21
3 8 14
6 4 25
1 1 6
2 26 32
3 6 11
4 1 30
4 18 30
2 27 32
1 1 22
3 7 14
5 8 36
1 16 29
1 6 31
5 1 16
7 11 17
2 27 28
1 11 29
1 10 26
3 7 8
2 7 30
1 27 31
4 1 18
5 34 36
6 1 8
6 4 20
6 12 17
6 5 10
6 25 32
4 8 9
3 3 17
8 1 31
3 2 16
3 5 21
7 2 24
2 8 27
2 15 33
4 1 24
2 8 20
6 4 33
3 4 15
1 11 32
8 11 23
3 32 34
7 4 28
3 11 11
5 15 19
5 11 26
5 17 25
6 1 2
2 35 35
3 6 21
4 26 27
8 11 16
4 19 35
6 25 36
1 16 26
4 7 26
1 31 31
1 5 6
6 14 20
3 4 18
4 5 12
5 1 20
4 3 3
7 4 27
5 7 31
6 5 15
7 14 22
2 3 28
7 5 28
2 18 22
2 4 14
3 10 22
3 2 14
2 12 13
8 30 34
4 19 19
1 14 16
1 26 29
3 34 36
6 8 16
3 19 30
1 21 30
4 9 16
2 14 35
2 9 14
2 12 19
3 25 29
5 8 22
4 1 19
5 14 15
2 29 29
2 8 24
1 4 20
2 11 23
3 7 19
2 16 16
4 7 27
3 13 32
3 7 7
3 1 12
4 2 23
2 18 28
1 2 22
7 4 7
2 7 36
5 2 20
3 26 28
1 21 21
4 24 26
2 34 35
3 4 8
1 7 14
3 9 22
8 8 11
4 20 22
7 3 9
3 1 11
4 3 4
8 16 26
6 22 22
7 8 18
2 17 23
6 21 35
4 7 33
5 30 34
4 4 25
3 4 35
3 9 18
5 1 15
2 13 26
2 10 35
5 10 16
4 22 23
8 28 36
3 22 33
6 15 20
3 9 10
5 8 18
8 6 16
5 4 30
3 17 28
7 10 21
6 11 22
4 12 22
5 4 36
3 3 8
3 5 36
1 2 28
4 4 7
3 17 22
6 20 21
1 23 30
3 1 22
1 9 14
4 20 36
5 8 8
6 1 13
1 8 16
5 4 24
7 1 27
4 16 21
4 13 36
7 9 24
8 11 31
4 20 34
2 10 15
7 26 32
5 15 34
3 25 30
6 8 24
3 5 12
3 15 15
1 13 30
1 18 28
3 16 16
2 1 16
6 10 33
2 8 8
3 8 22
5 13 33
6 23 28
6 4 23
4 2 14
5 5 24
1 19 23
4 24 27
6 6 7
4 7 30
7 16 23
6 28 35
4 9 35
7 10 30
4 8 11
4 19 26
3 4 32
1 5 26
1 14 24
7 11 22
4 19 27
3 3 28
2 8 36
4 6 29
7 9 32
3 18 28
4 6 27
6 16 29
2 11 34
2 17 20
3 19 36
5 6 21
4 19 32
2 19 23
3 9 15
6 19 36
1 18 33
4 7 14
6 16 25
1 22 29
6 7 23
2 10 32
2 16 21
3 25 32
2 4 34
5 9 21
3 25 34
4 11 34
4 9 32
6 1 36
1 13 28
1 14 14
1 4 28
3 15 35
1 5 5
2 5 9
7 6 13
1 5 20
5 21 35
2 6 34
5 4 26
6 19 34
5 12 16
3 16 33
8 5 13
5 14 27
5 7 14
7 8 19
6 18 21
1 8 20
7 7 21
2 21 25
5 1 29
3 13 22
2 2 19
2 20 35
3 9 19
4 18 28
2 4 17
1 29 30
4 30 30
6 12 24
4 21 33
1 15 20
6 23 36
7 5 27
1 19 28
4 14 27
4 6 35
1 11 19
6 8 26
1 29 35
6 4 26
4 22 30
2 9 24
4 17 23
6 5 32
5 13 31
8 1 8
3 9 12
7 27 33
1 32 34
3 9 23
1 13 19
6 26 31
3 14 28
1 1 35
4 5 8
4 18 33
1 8 26
2 6 23
4 3 27
1 10 14
7 14 32
2 1 4
4 3 18
6 13 16
1 5 22
3 1 18
5 18 19
1 7 27
5 21 30
3 17 19
1 17 24
4 11 25
8 7 7
5 17 18
8 5 35
1 17 29
5 6 25
3 27 29
4 6 31
7 16 20
3 13 18
7 10 11
3 21 26
7 10 15
1 5 32
4 4 11
4 4 12
3 12 12
3 6 34
3 29 33
4 29 35
4 3 22
4 13 14
6 4 12
4 1 35
2 4 29
4 8 34
3 14 22
1 1 32
1 4 10
6 4 35
3 4 27
4 10 36
2 2 10
5 6 12
8 8 36
2 3 21
2 14 34
6 16 32
5 4 12
7 12 22
4 2 19
8 21 21
4 14 29
6 8 11
4 33 34
4 1 4
4 19 23
2 15 15
6 7 36
1 12 35
5 13 13
4 8 23
8 2 4
5 26 36
8 14 24
3 19 25
1 18 22
5 7 16
6 18 30
4 6 21
3 13 33
3 1 2
3 6 13
6 4 30
2 1 25
4 9 23
7 2 3
6 6 20
4 5 36
1 20 35
2 4 10
3 35 36
4 3 30
3 8 36
4 11 26
2 14 21
4 3 6
4 11 24
5 1 23
5 7 9
1 3 24
3 18 34
2 3 29
6 7 21
3 10 33
1 4 6
5 1 27
7 25 35
4 19 36
5 17 35
7 6 34
2 10 33
1 5 21
2 15 22
4 5 19
2 23 26
4 5 21
7 22 28
6 27 28
1 2 5
5 19 20
1 15 17
5 10 26
4 7 18
8 16 30
3 23 32
5 2 12
8 6 36
7 17 35
4 2 30
1 4 21
7 32 35
7 4 26
6 14 32
1 10 16
1 1 19
2 31 34
7 9 30
3 7 28
3 13 15
1 18 23
5 16 32
6 12 16
4 25 30
2 3 35
8 1 18
5 7 29
7 1 9
3 5 35
2 1 11
3 14 15
8 10 32
5 8 23
5 5 16
2 2 28
4 4 9
4 12 35
4 15 18
8 18 35
3 13 28
6 21 23
1 2 6
3 6 10
4 18 19
7 28 31
1 8 12
3 12 16
3 22 26
6 7 10
6 28 36
4 4 16
4 6 22
4 9 21
3 14 17
1 20 34
2 17 35
4 4 14
3 22 27
4 11 20
2 6 12
5 6 7
3 16 25
2 3 14
4 1 26
2 6 33
4 13 35
2 8 29
1 5 31
1 1 11
3 14 33
6 1 11
7 10 19
3 5 10
5 13 15
5 8 30
2 7 26
4 3 36
2 19 34
5 22 22
5 5 19
1 18 25
5 9 9
6 9 15
1 8 34
4 9 28
7 7 17
1 9 10
3 7 26
5 6 9
1 12 23
4 3 28
5 23 29
3 28 29
6 14 24
1 4 31
6 27 36
2 22 32
6 10 21
7 7 12
7 21 24
4 15 27
4 4 18
1 6 16
7 13 23
3 31 33
7 20 35
4 13 28
4 10 19
5 9 17
5 11 33
4 14 14
1 29 32
2 3 6
2 1 22
7 20 21
7 5 5
5 7 28
7 4 33
3 3 5
5 8 10
1 4 34
1 13 29
4 4 28
5 16 21
4 4 15
5 4 27
4 17 32
4 4 35
4 18 29
4 8 14
4 1 3
3 7 16
8 7 16
4 14 21
4 12 31
4 9 10
2 18 29
8 11 35
3 25 35
2 1 28
4 5 20
4 17 30
6 1 14
3 13 17
3 18 35
6 18 26
3 16 17
1 12 17
4 4 29
3 1 4
4 5 5
3 3 30
5 7 34
3 5 16
6 14 35
6 25 34
2 3 11
4 8 20
5 15 32
2 32 32
4 2 36
2 3 7
4 18 21
3 12 25
2 7 13
5 27 31
4 15 24
3 26 31
4 1 1
7 1 7
1 16 31
2 28 32
7 33 36
4 14 15
1 6 34
2 1 34
6 21 24
3 22 29
7 21 33
4 15 31
2 2 36
2 3 18
4 16 17
8 4 25
7 30 32
5 4 21
8 24 28
1 8 10
2 22 35
3 22 31
5 2 17
1 17 18
5 35 35
2 7 28
7 18 25
4 19 21
5 27 29
5 1 36
3 20 27
7 23 33
3 10 13
2 19 35
3 4 19
5 7 33
3 12 31
2 30 36
6 7 22
1 1 17
1 15 29
2 7 27
4 25 27
6 18 27
3 1 31
5 5 11
4 6 15
6 19 27
5 26 26
3 33 36
1 11 33
4 28 33
4 25 29
4 14 25
1 22 33
6 26 36
6 23 25
3 23 27
7 9 9
4 11 23
3 31 35
4 5 22
2 25 36
1 11 17
4 12 34
7 7 9
4 26 34
1 12 16
7 13 36
1 3 17
6 11 20
1 33 36
1 6 28
4 2 22
4 10 24
4 24 33
1 20 27
2 20 36
7 21 21
3 10 24
2 18 18
6 16 16
5 6 28
8 32 32
8 21 34
1 7 9
6 13 27
7 3 24
2 29 33
6 24 35
3 6 25
3 3 25
4 7 7
2 1 12
5 2 22
6 27 30
1 13 18
7 1 16
3 21 36
5 18 22
3 11 25
3 26 30
5 2 10
8 28 31
7 1 34
2 28 31
4 3 17
8 4 23
3 14 27
6 9 12
4 1 34
1 16 32
1 12 18
8 19 30
7 14 21
5 10 35
3 11 36
5 9 35
5 1 9
6 32 33
5 16 17
4 7 10
2 1 7
5 14 16
7 13 16
4 1 21
6 18 29
2 20 20
7 19 28
6 31 34
7 5 18
3 7 12
5 4 31
1 5 10
1 15 30
4 12 26
1 21 27
5 9 11
6 11 24
2 21 22
7 11 21
1 24 34
4 5 30
6 15 31
5 11 13
7 7 14
3 4 30
2 33 34
4 16 25
4 10 11
7 8 36
1 22 27
4 2 26
5 24 32
4 31 31
7 14 36
5 18 30
5 28 36
6 14 22
4 7 20
1 1 29
2 4 19
1 15 33
6 14 25
2 4 23
4 2 4
1 8 31
4 3 23
4 15 29
4 6 12
1 4 14
1 30 36
7 17 26
7 1 33
4 4 31
4 5 29
4 4 27
5 2 11
5 35 36
5 16 18
4 11 17
8 4 19
7 31 34
4 27 28
3 19 33
2 15 21
6 11 35
1 7 33
1 25 34
1 22 22
3 2 17
1 10 22
8 5 31
3 20 20
3 6 24
2 2 24
7 18 34
4 23 36
7 2 12
1 2 2
4 15 35
4 3 5
4 4 36
4 17 20
4 30 35
5 18 33
5 29 35
2 22 34
1 1 20
6 24 36
5 11 31
1 31 32
7 15 36
5 4 25
6 16 21
7 16 27
4 29 31
3 5 28
3 26 35
8 13 18
6 7 33
2 5 17
4 16 19
8 29 30
8 4 21
5 3 3
5 13 19
2 30 35
2 4 21
7 10 14
1 26 36
7 3 21
4 12 32
4 3 7
6 8 22
5 22 32
1 6 19
6 13 13
6 14 33
5 10 19
6 1 4
1 5 12
4 35 35
2 23 29
6 9 18
7 3 16
3 29 32
2 2 34
5 12 25
5 2 16
7 17 23
7 23 24
6 7 34
2 12 17
3 11 19
2 14 33
4 6 20
4 13 31
4 9 13
6 8 35
7 3 5
7 29 32
2 21 28
4 30 32
8 7 35
5 1 10
5 19 36
4 2 35
8 11 13
4 4 26
6 9 14
4 3 9
4 16 22
5 10 25
6 13 31
2 5 26
1 7 34
2 9 33
2 17 27
4 19 28
1 3 7
3 17 34
5 3 29
1 10 10
1 7 26
3 30 31
5 15 26
3 17 21
5 27 27
2 7 34
1 22 26
1 7 11
3 10 34
4 14 31
2 2 3
7 12 36
7 10 10
6 8 30
2 11 26
7 27 30
6 11 13
8 14 33
5 22 27
1 23 23
8 1 21
6 11 30
7 1 13
8 17 32
3 12 26
1 10 35
1 4 30
3 14 30
6 11 28
7 15 24
7 10 20
7 4 14
4 22 34
7 9 11
2 6 36
1 13 25
2 2 5
1 3 31
2 14 20
2 5 18
1 16 33
2 6 16
6 23 30
6 1 23
2 33 36
8 31 36
1 5 11
4 8 15
8 20 29
6 23 33
5 15 30
5 3 15
6 12 19
4 2 13
4 14 34
2 3 32
1 14 26
5 7 18
7 5 32
2 1 24
5 5 6
4 16 31
5 19 33
4 10 33
5 15 20
5 32 36
2 5 23
4 11 30
6 14 36
7 4 22
7 8 26
6 1 15
6 2 36
6 22 27
1 12 26
3 5 33
4 11 27
2 26 28
3 7 32
6 13 29
5 14 20
5 4 32
5 19 29
6 3 33
4 31 32
1 8 8
4 17 31
8 8 17
3 16 19
1 9 23
2 13 34
5 2 19
7 6 14
4 6 18
7 11 32
7 15 34
7 11 27
1 12 12
2 23 24
7 9 17
4 16 26
8 1 20
1 3 23
5 11 27
1 7 28
8 1 11
6 15 17
3 11 21
5 5 34
4 17 17
3 1 3
8 16 23
1 9 29
5 9 29
4 21 36
3 5 13
1 10 18
5 11 20
2 5 5
4 13 25
1 16 30
5 3 19
4 7 16
5 5 31
4 15 34
5 2 30
1 17 31
5 12 35
1 21 32
2 2 8
3 3 18
3 10 35
5 7 8
2 9 25
8 17 21
4 31 33
8 19 34
4 25 28
6 28 33
3 12 13
6 12 28
4 18 36
3 3 6
5 6 33
1 26 31
4 20 28
1 20 24
4 1 22
1 6 25
8 12 21
3 3 33
2 14 22
7 12 18
8 9 11
2 7 15
3 19 32
7 11 30
2 15 25
3 4 29
4 26 36
4 26 35
3 18 31
4 4 22
7 13 28
6 5 17
1 22 36
7 5 26
5 32 35
6 6 6
7 8 23
5 9 25
3 6 16
1 7 23
8 18 25
4 8 28
6 20 28
1 3 3
5 30 31
3 20 26
7 14 16
2 11 17
5 18 32
3 12 24
6 9 10
8 29 31
8 24 26
5 5 9
7 5 24
6 1 25
5 4 4
2 10 28
3 4 4
5 5 35
3 15 32
6 29 34
5 8 26
8 4 9
3 15 21
8 17 27
5 3 27
7 11 11
1 5 14
5 28 31
6 3 15
4 21 27
8 3 22
7 18 27
8 10 19
5 2 6
4 22 29
3 20 29
1 8 19
4 14 17
7 2 4
5 11 35
8 15 28
3 18 26
8 11 26
3 18 18
4 12 18
6 3 25
6 6 25
7 9 15
3 1 1
4 22 28
7 7 24
3 15 29
3 6 20
4 29 33
8 16 24
6 6 8
6 9 36
5 23 33
2 10 25
5 11 18
2 25 29
5 22 30
5 25 29
4 12 33
5 27 35
2 6 9
6 7 17
6 11 32
7 13 34
1 4 17
2 16 19
7 3 12
6 6 35
1 9 19
1 9 11
7 17 18
2 22 24
5 10 31
1 8 21
6 32 32
1 8 23
1 7 24
1 24 27
8 1 4
4 34 36
4 21 23
7 9 31
4 24 25
1 3 6
5 28 28
1 9 24
6 19 26
6 16 20
6 18 24
5 6 14
6 13 35
8 6 14
6 2 10
4 16 29
4 7 19
4 16 35
4 28 36
4 16 23
2 1 10
6 16 31
1 14 32
2 3 8
2 13 33
6 19 35
5 8 19
4 20 35
5 2 3
1 29 36
5 12 29
6 15 15
8 12 35
1 28 36
5 1 3
2 9 21
6 1 6
2 13 35
5 4 8
7 27 31
7 2 5
3 5 9
5 2 35
1 17 23
2 32 33
3 20 22
1 34 34
1 20 32
7 1 22
1 6 17
8 8 33
3 11 33
7 5 22
1 3 33
8 2 27
5 8 14
6 2 31
5 16 23
1 11 31
7 2 16
5 8 25
6 7 31
5 5 30
6 26 33
5 5 12
5 9 28
8 6 33
4 4 34
5 6 35
6 8 19
7 18 33
7 9 29
6 17 17
1 2 20
5 12 36
4 9 18
7 2 26
2 2 4
5 25 30
2 22 25
5 14 17
1 27 35
6 1 17
6 2 12
3 8 16
2 18 25
6 15 28
1 14 15
4 19 33
4 23 34
2 7 24
8 34 36
2 13 32
6 6 31
5 8 17
6 3 31
1 12 36
2 25 35
1 9 25
3 15 18
8 1 16
1 3 14
7 4 21
7 12 13
5 10 21
1 15 19
8 8 30
3 25 28
6 19 30
5 3 24
8 4 15
5 2 36
2 8 9
2 3 23
2 31 32
4 27 31
3 11 23
8 1 19
5 14 31
6 20 26
1 19 33
8 12 33
5 14 22
7 10 17
4 27 34
3 2 31
8 27 36
1 14 23
4 4 19
4 4 10
6 14 29
3 20 30
5 22 34
8 3 24
7 12 24
6 32 35
2 4 36
7 6 9
6 25 28
4 29 30
5 15 35
3 13 35
5 12 26
5 29 31
6 2 13
2 4 4
8 2 22
3 4 22
5 24 29
7 28 29
6 15 27
3 26 32
2 8 25
1 10 24
6 14 19
7 5 31
5 6 11
8 3 32
4 21 32
4 14 22
2 34 36
2 20 27
1 28 29
1 9 13
3 5 20
6 21 30
5 20 22
1 22 24
4 25 25
6 15 33
8 7 31
5 25 31
7 24 27
3 6 18
4 3 15
5 17 30
5 11 32
6 4 7
1 13 35
6 1 3
3 23 26
5 23 30
6 2 5
7 12 25
3 3 13
6 19 19
1 5 13
3 3 26
8 5 17
7 4 32
7 7 31
4 7 31
5 24 28
8 30 31
5 17 29
2 2 23
6 17 19
6 16 27
7 10 28
6 8 36
5 13 20
8 22 32
6 29 33
7 16 22
2 17 30
2 8 16
8 11 20
3 19 24
2 11 16
8 29 29
3 13 13
6 3 8
3 3 22
2 6 20
1 11 15
6 2 32
5 22 28
6 3 24
2 23 30
2 7 22
8 9 25
6 16 33
8 9 28
3 16 21
1 18 18
4 7 35
8 19 20
7 5 17
7 1 29
4 26 31
4 27 29
1 6 18
3 16 29
4 23 23
1 27 28
1 21 23
6 24 24
6 18 31
4 12 20
1 18 20
1 23 24
1 2 15
6 10 28
5 13 32
7 11 14
6 3 34
5 3 25
2 23 27
8 9 10
1 5 36
6 15 21
8 32 33
1 16 36
7 11 24
8 18 28
7 12 31
7 22 36
8 17 18
6 6 24
7 8 33
7 6 22
6 19 23
7 5 21
1 1 8
5 13 34
1 8 9
3 10 20
8 23 33
3 3 32
3 12 34
6 9 35
3 1 29
2 9 16
7 20 27
8 4 31
1 22 34
2 1 26
7 19 30
2 6 25
8 12 24
2 4 6
4 4 30
1 7 7
3 26 29
2 22 23
3 1 14
6 9 30
6 2 15
1 2 25
1 11 35
5 5 8
2 1 23
4 17 21
3 6 23
8 6 10
5 19 32
8 9 35
5 19 26
7 3 27
6 14 27
2 5 33
3 1 26
8 27 31
1 2 32
7 2 25
7 20 23
5 9 19
3 10 12
8 5 11
2 29 34
5 1 30
3 12 22
8 4 14
5 9 24
1 9 36
5 11 22
2 16 22
6 10 18
7 10 12
1 17 25
5 18 21
6 10 11
7 2 20
4 11 33
8 2 36
5 16 22
2 26 30
5 18 24
3 10 31
7 14 26
1 21 33
5 7 35
5 3 18
2 18 34
5 25 25
6 5 24
6 25 35
3 13 23
2 5 32
2 7 21
8 27 35
8 22 26
8 13 34
6 2 14
7 19 21
6 17 23
7 32 34
8 4 27
6 21 26
2 27 36
4 15 36
3 31 34
7 17 24
5 4 11
4 5 17
3 22 30
6 11 12
4 1 15
4 5 35
5 2 33
4 18 24
3 24 25
7 9 12
6 9 22
5 11 11
4 24 32
7 3 33
8 32 36
8 10 21
4 18 27
8 11 15
5 6 32
3 24 36
7 24 24
7 1 11
3 2 25
2 3 17
6 5 14
8 13 27
5 3 28
3 23 24
5 12 20
6 27 33
3 29 29
6 12 25
5 11 21
2 11 18
1 5 16
7 18 28
1 17 22
7 10 22
5 29 29
2 21 23
5 11 34
2 15 34
8 20 25
7 24 34
5 11 14
7 6 28
2 20 28
4 13 23
5 29 32
2 14 29
6 15 22
6 16 19
7 1 28
7 5 33
2 17 32
7 13 33
8 9 31
6 6 16
1 1 1
5 14 14
5 14 21
3 8 18
6 21 28
5 9 14
4 22 25
4 8 13
6 5 22
5 7 32
6 8 14
6 3 19
6 6 14
6 11 17
8 9 13
7 4 6
8 4 28
6 11 19
5 10 12
5 27 36
8 11 21
3 7 33
7 26 35
1 10 33
5 4 6
3 24 35
3 7 11
4 11 35
6 6 10
1 20 31
6 1 27
8 20 20
7 4 18
1 7 22
4 2 29
8 17 35
2 28 35
2 17 28
1 16 18
1 15 23
1 8 17
2 4 15
3 12 29
8 12 25
6 11 26
5 14 36
6 11 14
3 11 28
3 6 36
5 11 23
3 2 6
1 19 35
1 3 27
4 13 19
5 10 13
8 22 30
6 7 29
6 13 22
1 2 36
6 13 25
7 8 14
6 29 31
5 4 17
6 23 27
4 21 34
5 13 21
4 9 24
3 16 22
6 10 10
1 2 27
4 1 29
5 25 33
1 11 26
6 15 32
4 18 18
6 12 14
2 23 33
7 12 12
2 2 22
1 6 15
6 24 31
6 8 20
3 9 35
8 12 26
2 16 34
1 19 22
5 34 35
5 11 19
5 10 23
8 14 27
8 8 13
1 5 24
5 3 33
5 11 16
6 26 32
5 15 18
5 23 34
7 15 17
5 13 24
4 18 26
8 1 36
6 20 29
8 5 20
6 17 25
1 16 27
6 1 29
1 27 30
5 13 35
6 3 4
7 16 25
3 8 29
5 15 36
6 20 36
5 15 33
3 15 27
7 19 24
5 19 23
5 18 23
6 6 12
2 32 35
7 14 20
2 1 6
5 10 27
1 11 13
7 1 8
3 7 18
7 26 31
4 8 24
2 11 30
5 18 36
5 21 32
3 12 33
6 5 27
6 2 19
3 31 36
8 1 12
1 13 23
5 7 10
5 33 34
1 4 36
7 12 14
1 4 33
8 1 29
7 2 35
5 20 34
2 25 31
2 9 18
7 8 24
3 16 36
1 11 18
6 20 34
3 12 30
7 10 36
4 2 2
8 25 36
4 8 25
5 17 28
6 28 30
3 21 32
5 13 16
4 7 11
1 15 25
2 14 24
6 16 22
3 15 20
7 8 28
6 34 36
4 11 14
1 11 11
5 16 26
2 7 31
4 24 34
4 7 9
1 8 36
3 5 23
5 9 26
1 17 17
8 1 7
6 15 24
2 17 24
6 8 9
6 20 23
7 5 30
7 1 30
7 2 32
5 1 32
2 14 18
2 5 34
6 21 34
3 9 36
8 9 24
7 25 26
5 27 28
2 5 31
5 13 30
3 24 29
8 1 30
8 18 26
6 7 7
8 4 18
8 12 32
3 16 30
8 4 7
7 12 35
6 13 33
6 1 21
8 5 29
1 1 31
5 31 36
5 13 25
2 18 36
6 10 32
8 5 30
7 19 20
4 10 35
1 26 27
1 8 15
7 10 13
8 15 30
2 20 34
7 18 35
2 9 22
2 2 35
5 25 27
5 20 36
3 1 10
5 19 31
3 6 26
7 11 20
6 3 36
1 6 26
3 10 29
2 5 16
7 9 21
5 14 25
6 17 30
8 26 33
3 3 9
5 24 24
5 15 28
7 4 10
7 20 33
5 14 28
2 11 31
1 6 11
1 24 24
7 7 26
8 26 26
5 22 29
5 28 29
1 11 27
8 15 33
7 17 21
6 25 31
6 28 31
1 14 18
1 28 28
1 17 19
5 5 22
1 15 34
3 14 32
5 8 27
3 14 23
7 4 11
8 2 6
1 20 26
8 18 31
1 24 30
5 27 32
5 14 18
6 33 36
4 14 18
8 23 23
6 1 9
6 22 30
7 2 21
2 24 26
5 2 29
4 10 32
8 1 32
8 26 35
8 14 20
6 4 31
5 18 34
8 2 9
5 21 34
5 25 36
2 7 7
8 27 34
3 7 17
6 17 32
2 28 33
6 15 25
2 6 24
1 12 25
8 19 22
4 11 16
1 19 20
4 1 9
4 5 11
4 19 30
3 14 14
1 11 24
7 21 26
4 4 20
2 26 36
4 13 17
3 30 34
1 21 25
7 19 36
1 9 16
5 26 29
2 7 14
4 15 20
1 12 22
6 10 25
6 1 10
6 19 31
4 11 12
5 20 29
5 3 21
7 26 29
6 22 29
4 2 6
7 7 36
7 12 34
8 8 15
2 26 29
1 21 26
8 11 24
7 19 26
7 23 23
1 4 32
7 7 23
1 32 36
8 6 35
7 19 32
3 9 25
1 5 30
7 17 25
6 8 10
1 18 36
6 27 27
7 7 33
3 20 25
1 26 34
8 9 16
6 15 19
2 11 25
1 1 25
5 33 36
1 3 8
5 7 15
6 11 23
5 28 33
7 1 10
8 6 8
6 30 36
7 17 30
4 3 24
5 26 34
7 9 25
6 9 11
6 8 17
1 23 35
2 21 33
5 1 11
1 3 30
8 15 23
4 6 19
5 28 34
2 7 19
8 10 23
5 23 32
1 17 34
8 33 33
4 10 18
2 29 30
7 23 32
6 27 34
2 1 31
8 8 21
3 1 20
2 3 10
1 5 33
5 31 33
8 22 35
3 18 27
7 1 20
3 7 35
3 14 35
7 5 12
8 20 21
8 14 29
8 23 36
5 3 36
6 7 28
8 1 15
1 5 17
1 15 32
3 22 34
3 13 21
1 10 20
4 2 8
5 8 24
2 18 31
3 13 31
7 27 35
7 8 34
6 3 22
5 2 5
7 19 22
7 16 34
7 8 21
6 25 29
8 15 18
2 7 33
2 6 11
6 18 28
5 13 28
6 9 34
1 9 26
2 1 33
4 19 29
8 22 28
8 9 23
1 36 36
5 13 26
2 3 34
2 16 20
7 21 23
2 18 33
8 10 10
8 8 26
7 10 27
2 11 33
7 25 28
8 31 33
6 20 27
3 15 22
4 11 11
6 7 9
2 17 34
5 25 35
8 12 12
7 3 25
7 20 29
6 24 26
4 6 32
3 1 33
6 5 25
4 24 30
7 17 17
8 31 31
2 2 32
2 3 25
1 20 28
8 14 19
6 1 31
2 6 22
7 17 19
4 21 21
3 3 14
5 11 15
6 10 36
6 12 34
1 2 31
6 17 21
7 10 34
6 4 34
1 20 25
2 15 19
6 34 35
8 11 12
2 16 26
7 4 24
8 4 17
4 8 26
1 29 29
4 13 32
3 4 13
2 30 34
1 2 4
2 8 31
8 26 36
8 12 15
2 19 24
7 6 23
6 2 2
8 2 10
8 28 33
6 24 25
8 4 22
5 13 22
6 10 26
6 10 20
4 2 12
3 27 31
2 2 13
3 6 31
5 30 36
7 31 32
4 1 20
1 18 30
3 2 34
6 24 30
7 22 33
3 23 30
1 6 7
7 15 23
7 2 15
3 18 25
8 3 33
4 10 14
8 10 25
8 26 28
6 7 27
6 2 17
3 17 30
7 9 28
1 3 16
7 33 34
6 7 30
6 11 36
1 30 33
4 12 23
5 1 5
7 10 16
2 9 23
8 5 6
6 2 26
8 19 28
6 7 20
8 18 21
8 10 30
7 1 4
6 18 36
6 21 33
4 7 24
8 10 22
6 4 8
3 19 26
8 10 14
8 3 23
1 10 36
5 30 30
2 14 28
8 6 12
8 9 19
2 11 36
7 25 36
6 9 31
4 28 29
7 30 35
8 26 29
5 21 25
4 6 33
1 17 33
1 15 15
2 2 29
1 24 26
5 21 24
3 12 23
6 9 28
8 17 19
3 16 18
8 14 35
3 21 30
6 5 35
7 19 31
6 6 26
5 25 34
3 7 34
7 1 1
1 7 19
5 23 26
6 27 35
7 15 33
6 1 18
5 6 24
2 26 34
7 26 33
7 20 24
4 1 16
6 9 25
8 8 31
6 5 23
1 1 33
5 14 32
1 4 24
5 8 13
3 1 15
8 14 32
1 4 26
5 3 7
7 1 23
2 8 19
3 24 24
5 6 26
6 15 29
4 27 32
8 2 17
2 8 18
8 3 25
8 10 20
5 5 10
1 15 21
8 2 24
7 3 31
3 2 9
3 16 23
5 9 23
6 18 20
6 12 22
4 5 32
6 13 18
5 34 34
8 6 23
6 33 33
1 10 30
7 12 30
1 19 30
1 12 30
6 19 22
3 18 19
2 13 23
4 2 11
7 8 17
4 5 14
2 14 26
6 6 11
4 18 25
3 12 21
4 10 30
5 12 31
7 18 23
6 10 12
7 14 15
8 21 29
1 21 22
6 15 35
7 35 35
8 7 12
1 12 15
8 2 12
1 29 33
3 28 31
7 13 30
4 33 36
5 19 22
3 2 12
1 11 12
5 20 23
8 19 26
7 16 29
6 9 9
2 7 10
2 3 5
8 25 34
5 27 30
7 9 23
2 11 32
3 8 30
5 18 31
8 30 32
8 5 23
2 13 27
7 8 27
6 7 35
8 22 24
7 2 30
1 32 35
7 23 31
5 13 36
7 21 28
5 6 17
8 24 34
3 8 15
3 11 29
2 8 11
6 19 24
4 9 12
8 7 9
5 15 31
5 17 36
7 31 31
8 10 18
2 4 18
6 12 13
3 8 21
1 11 28
3 31 31
7 22 34
8 1 1
7 26 27
8 7 32
5 7 13
2 6 15
6 26 27
2 2 14
8 1 13
4 11 31
3 5 8
5 26 27
3 7 24
7 12 28
8 23 31
6 8 13
7 15 22
7 22 29
6 21 36
3 21 29
2 20 23
5 7 20
3 3 23
6 17 29
6 12 31
6 23 26
6 16 34
7 18 21
5 16 36
7 31 36
4 1 8
4 5 10
7 25 29
4 10 10
7 3 35
2 13 18
5 15 29
5 21 21
8 17 24
6 13 14
1 9 32
5 20 24
1 3 13
2 17 17
6 11 11
8 18 22
8 9 30
6 4 5
2 29 32
3 17 26
6 5 33
3 8 34
7 19 33
6 14 16
1 13 26
3 11 27
4 22 32
5 20 20
1 16 16
7 8 12
4 5 15
7 15 20
8 15 36
7 2 23
8 3 7
1 7 32
6 1 32
5 1 4
7 1 3
8 21 27
6 4 36
4 20 23
6 26 29
7 4 9
8 21 35
1 13 13
7 13 31
2 23 32
6 22 33
3 6 29
4 20 32
5 29 33
8 9 36
8 7 36
6 23 29
6 16 17
7 25 27
4 12 24
8 3 4
8 11 27
5 17 21
4 31 36
6 1 34
5 30 32
8 5 21
6 14 21
1 14 30
8 5 9
6 4 27
8 3 35
6 23 24
3 4 21
6 13 34
6 12 35
5 5 7
5 11 30
7 3 34
8 25 25
1 6 20
8 25 28
8 21 26
5 7 17
8 6 19
4 7 15
6 2 16
5 4 14
8 1 27
4 25 26
7 2 6
6 8 23
5 21 26
4 4 21
7 17 28
1 2 13
1 1 12
8 5 28
2 28 29
3 17 20
2 1 17
6 18 19
2 12 15
2 10 20
4 18 20
8 25 27
7 31 33
8 22 34
2 29 31
2 13 17
7 23 30
3 9 27
7 19 19
8 3 6
8 23 25
7 27 34
4 16 33
5 1 18
8 1 24
1 18 21
7 3 18
7 13 21
7 4 34
5 32 33
3 24 28
1 16 19
8 4 5
4 27 36
5 32 32
7 25 31
6 22 36
8 22 36
1 2 24
4 23 29
8 21 36
3 21 21
7 5 9
7 6 20
7 2 34
6 19 29
4 15 28
6 12 12
4 12 12
6 17 27
6 23 32
7 4 35
4 1 33
2 2 17
5 19 27
1 22 30
5 4 10
5 22 33
7 30 36
3 11 32
5 7 23
1 1 5
7 7 15
5 18 28
3 18 29
7 5 36
4 2 17
8 15 34
8 15 26
7 1 31
7 12 20
8 12 34
6 16 24
3 36 36
8 9 12
7 32 32
5 23 27
7 10 32
2 3 3
2 5 10
8 23 30
6 8 34
4 28 32
1 4 4
8 5 34
2 3 27
4 16 27
5 18 29
6 3 21
2 6 21
6 11 33
8 33 35
7 24 25
8 25 29
6 14 17
3 1 35
7 22 31
2 25 25
8 2 34
2 20 33
7 7 19
6 19 20
4 9 34
8 24 31
5 1 8
6 13 15
3 23 25
4 3 31
7 22 30
2 13 30
8 6 28
7 11 36
7 19 29
4 20 31
1 22 23
6 35 36
4 13 30
3 19 27
8 21 30
8 4 35
1 3 11
8 10 28
6 19 32
1 25 33
6 21 31
3 24 30
1 3 20
4 16 18
7 3 29
8 24 30
3 15 17
6 20 20
3 3 20
7 16 18
6 15 26
5 13 27
7 24 28
7 9 34
3 2 3
5 6 15
8 21 23
1 25 36
1 13 15
1 6 10
1 20 21
7 20 32
2 15 26
3 2 26
1 3 10
7 14 31
3 13 14
6 9 16
8 1 33
7 9 14
3 25 33
5 33 33
5 3 17
4 1 12
7 1 6
8 7 19
6 23 34
7 16 30
8 20 33
2 7 8
8 12 22
7 5 10
2 24 25
1 14 21
3 26 34
6 28 29
2 4 24
6 3 26
7 12 32
8 5 18
3 9 32
5 14 24
7 22 32
7 14 23
6 20 35
7 6 30
6 16 30
7 11 33
8 6 22
6 24 29
8 20 23
6 29 29
6 20 30
8 18 27
8 5 5
8 6 20
7 9 35
5 8 21
6 6 15
7 16 21
8 27 28
4 9 11
6 32 34
8 5 22
6 12 20
3 14 26
8 12 29
4 26 32
1 10 15
1 12 32
7 17 34
7 5 14
8 14 34
2 3 36
4 8 18
1 26 33
1 24 28
1 2 12
2 2 25
8 4 33
8 31 32
2 1 13
7 2 27
7 23 34
7 11 29
5 26 33
4 22 36
4 7 36
8 6 29
3 8 10
7 14 35
5 28 35
7 16 32
8 20 34
2 28 34
8 9 18
3 10 28
4 11 36
7 8 32
5 10 36
5 13 29
6 16 18
6 34 34
6 24 34
8 4 34
2 9 29
8 12 17
5 10 14
5 20 32
3 23 31
7 1 32
8 13 24
6 4 11
5 2 7
7 6 32
7 2 29
7 2 36
1 30 32
4 14 16
7 10 25
8 6 6
5 13 23
1 7 35
3 20 31
4 22 26
6 28 34
6 7 26
2 8 28
4 17 33
3 6 33
8 17 34
3 12 14
6 29 30
4 7 23
4 20 27
7 1 24
8 4 6
6 29 36
7 11 15
6 7 18
8 15 16
2 7 35
4 7 8
1 15 36
7 5 11
8 16 31
7 17 27
8 15 32
7 8 30
7 29 29
1 10 29
8 2 19
6 14 26
6 26 28
8 6 32
1 31 35
5 8 35
3 14 20
5 4 7
7 24 36
7 1 19
7 24 33
6 13 36
2 14 15
7 3 4
8 16 36
5 4 15
1 4 12
5 22 24
5 1 25
7 4 16
2 22 31
3 8 23
6 10 16
8 22 27
2 15 28
3 9 26
5 2 9
6 3 20
3 25 26
4 5 26
6 20 25
7 23 27
8 7 15
4 12 36
3 17 36
7 5 15
8 17 28
2 4 31
7 22 26
8 20 30
2 14 36
2 4 11
8 25 35
3 9 11
2 18 32
3 2 18
8 11 11
7 19 25
8 1 23
2 9 36
2 20 24
7 13 29
1 12 34
7 2 17
7 19 27
6 31 31
7 29 34
8 10 12
6 30 33
7 8 29
8 17 20
2 4 27
4 10 20
2 6 13
3 25 31
5 5 27
2 32 34
3 24 32
6 10 14
8 2 3
4 28 34
6 17 26
5 20 33
8 13 21
2 14 32
1 18 35
3 9 17
3 28 28
1 2 34
8 16 33
7 5 6
7 4 29
1 34 35
8 11 18
1 13 24
5 2 26
8 5 7
8 1 6
2 3 31
7 11 34
6 5 31
3 1 21
8 18 19
6 11 16
1 16 23
8 8 24
8 22 22
8 12 18
5 9 13
2 10 36
8 28 29
8 2 16
5 7 11
3 16 26
7 18 19
1 28 34
8 9 26
6 9 21
4 25 33
7 1 36
3 6 6
7 14 29
8 15 17
4 9 22
3 1 23
3 4 28
2 5 14
6 10 17
8 6 25
7 15 29
5 30 35
7 15 31
7 18 36
6 27 31
7 18 18
8 4 11
8 24 29
7 7 27
8 21 22
8 8 19
8 2 26
2 7 16
6 4 22
5 16 30
5 16 33
8 7 21
7 22 27
6 13 24
5 1 14
6 23 31
4 13 21
7 2 8
8 15 27
4 1 32
1 8 14
7 6 25
5 8 20
7 23 35
8 3 12
5 21 36
2 8 13
8 9 17
4 32 36
5 5 15
7 6 16
6 13 19
4 3 13
7 16 35
1 14 34
7 25 25
7 28 34
1 33 34
1 14 29
5 32 34
4 23 35
7 4 4
2 15 24
8 6 15
4 22 22
3 1 32
7 2 14
7 6 19
2 7 32
1 15 26
5 18 18
4 29 29
2 28 36
1 15 16
1 31 33
1 4 16
4 15 33
4 17 19
7 20 30
5 26 28
5 17 34
5 12 17
3 21 35
3 32 36
5 15 15
3 22 36
7 2 11
5 6 29
8 2 5
7 16 33
1 9 33
8 3 18
2 12 36
3 5 18
1 3 5
5 29 30
1 8 35
8 23 35
7 9 20
6 1 19
8 29 33
7 3 14
6 10 30
1 11 23
8 1 28
8 19 27
8 6 13
5 31 32
6 24 33
6 3 3
4 12 28
6 25 33
7 23 25
6 7 8
3 4 10
7 9 36
3 8 26
4 15 16
6 13 23
7 11 25
4 6 7
5 9 12
8 7 33
7 7 18
7 22 35
7 3 8
8 10 29
7 13 27
6 20 32
2 11 28
4 29 36
4 15 22
8 2 7
8 5 19
7 7 35
1 20 29
8 11 14
4 1 7
1 2 33
6 30 35
1 5 29
5 16 28
2 28 28
8 20 26
4 3 25
6 31 36
1 3 34
8 14 15
8 3 28
7 20 25
5 18 35
8 31 34
8 5 15
3 1 8
6 6 18
8 14 23
5 22 23
7 10 29
4 5 9
4 13 34
7 24 32
1 13 22
8 28 30
6 2 21
1 19 19
6 5 19
8 10 17
8 5 26
1 4 15
6 1 7
4 6 28
8 2 33
4 13 22
5 11 28
3 29 30
8 7 11
8 2 11
2 3 30
8 19 31
7 4 36
6 18 32
8 6 17
7 25 30
8 16 35
2 7 20
7 16 16
7 20 28
7 6 27
8 4 30
3 33 34
1 10 32
2 9 20
3 13 20
6 4 16
3 17 24
6 26 34
8 12 28
7 16 24
5 6 10
6 13 26
5 3 34
7 13 17
5 3 16
5 31 34
5 6 31
6 18 25
3 4 12
8 14 14
4 18 35
8 20 32
5 22 35
1 19 34
3 17 33
5 20 27
7 29 30
8 1 25
8 2 28
7 5 7
2 6 30
6 14 28
6 22 31
6 20 33
2 3 19
3 6 27
2 19 25
8 13 14
6 3 14
8 1 34
3 1 6
8 20 22
8 7 26
8 3 29
7 9 10
4 9 20
4 19 31
2 22 28
5 6 6
7 30 33
8 2 18
5 10 22
7 21 29
1 13 32
1 9 34
7 24 26
2 2 9
7 8 35
5 2 28
2 10 34
7 17 31
7 28 35
8 15 35
8 22 29
4 14 24
1 7 18
8 15 29
5 23 23
8 2 31
7 15 18
8 17 30
1 2 9
8 3 14
5 12 23
8 1 10
2 3 24
7 13 13
8 4 13
8 18 24
4 2 32
8 4 29
8 23 26
8 3 31
8 8 27
1 7 13
2 3 4
7 12 19
5 16 16
2 1 20
1 24 29
6 1 33
4 22 33
3 8 20
7 15 16
8 7 10
7 13 24
1 32 32
6 17 36
5 3 5
8 20 24
1 1 27
8 3 10
5 24 36
6 5 20
6 5 18
7 20 36
6 4 19
1 17 20
2 1 35
8 17 29
3 1 28
7 5 13
6 35 35
3 12 17
8 2 30
7 9 27
4 18 32
2 10 14
3 3 19
2 23 28
5 22 26
8 19 25
7 22 25
6 4 28
6 15 30
8 6 31
1 5 23
1 5 7
7 27 32
5 10 18
6 2 6
3 10 32
4 23 27
4 2 20
7 29 31
2 11 12
5 29 34
8 16 19
5 10 10
8 23 28
7 15 28
5 10 20
2 6 19
6 23 23
5 9 27
3 6 12
8 11 25
8 7 30
4 24 35
5 2 25
8 8 28
6 11 25
1 11 25
2 15 18
4 14 20
2 15 16
6 27 29
6 26 35
7 27 27
4 5 13
8 9 22
1 13 14
7 24 30
6 12 18
8 30 30
4 7 17
4 6 24
6 5 28
2 23 31
4 8 17
6 19 28
5 20 28
3 6 19
1 4 5
6 14 23
6 22 23
4 8 27
8 30 35
1 1 24
2 12 33
6 19 25
8 14 36
8 12 16
5 1 6
2 4 7
1 22 35
4 5 16
3 17 27
7 16 36
8 23 29
7 3 7
7 12 29
7 3 36
6 22 25
4 11 18
5 2 2
2 36 36
2 1 8
4 18 34
8 11 32
8 5 33
7 12 15
7 13 15
4 14 30
5 21 27
8 5 25
4 21 24
6 10 27
6 12 26
6 21 32
1 3 29
1 7 17
5 21 28
7 26 28
1 6 29
7 7 30
4 27 30
4 12 19
7 17 36
6 17 24
7 12 23
6 14 18
8 27 32
7 21 35
2 2 18
6 1 30
7 22 22
8 11 34
3 2 13
4 11 29
7 13 25
5 7 36
3 4 33
4 13 20
5 17 27
4 9 36
1 8 25
8 1 35
7 12 27
7 7 13
8 29 32
8 7 24
5 16 29
7 5 23
5 24 34
7 16 17
7 8 8
5 4 35
3 9 29
6 14 34
7 1 26
8 8 20
7 2 28
8 1 22
7 21 31
3 12 27
6 2 27
3 3 21
7 17 32
4 3 11
2 22 29
5 5 5
8 13 30
5 5 21
7 6 18
4 4 6
5 20 26
2 25 34
7 2 9
1 2 8
5 10 29
8 2 25
7 15 35
2 1 2
8 8 9
2 4 25
5 31 31
5 10 11
6 8 28
8 9 32
5 7 21
1 8 27
8 24 24
4 2 7
1 9 28
6 1 35
7 8 15
6 5 21
7 15 32
5 5 18
8 8 22
5 3 6
8 14 26
7 26 34
1 15 18
6 4 32
3 16 32
4 17 26
5 4 22
8 2 21
1 1 4
8 22 25
7 3 17
8 3 34
8 14 21
7 1 5
8 12 19
8 8 10
6 10 19
3 11 26
8 2 32
4 10 15
7 23 29
6 4 21
8 19 35
2 24 29
2 19 32
8 11 17
8 12 30
8 17 36
7 18 26
8 30 36
7 14 19
8 3 21
3 35 35
7 4 25
6 9 17
5 22 36
8 27 33
1 25 29
2 14 17
4 20 29
7 6 31
7 26 26
8 11 28
5 19 34
6 4 9
4 15 32
8 36 36
4 15 19
5 7 25
8 16 32
8 3 13
4 33 35
6 6 28
7 6 7
7 18 29
3 8 9
6 13 17
3 14 29
7 24 31
2 19 28
6 1 22
5 17 19
3 21 27
7 4 19
6 27 32
2 11 21
7 22 24
5 27 33
1 9 30
7 9 26
8 21 32
2 22 26
7 29 36
7 18 24
6 18 35
6 15 23
8 24 33
3 15 24
8 4 24
7 28 36
6 23 35
8 32 35
6 13 30
6 16 23
7 25 34
2 12 25
4 9 31
5 22 25
8 25 26
2 16 28
2 8 35
2 16 24
8 15 25
2 14 23
8 10 13
4 23 31
7 26 30
3 7 31
2 21 36
1 25 35
5 7 26
6 2 35
7 3 20
8 16 34
8 13 25
7 10 23
4 16 20
1 23 34
8 8 35
5 16 20
8 13 36
8 6 26
2 18 35
6 6 27
8 29 36
8 2 14
6 1 28
5 17 32
6 11 29
8 13 22
8 11 36
8 17 33
7 3 26
7 28 32
2 21 21
7 15 21
8 21 25
3 10 16
7 34 34
8 13 26
8 7 14
7 5 16
7 5 34
4 24 29
7 18 30
8 26 34
7 11 28
4 22 31
6 2 9
6 4 4
8 15 15
5 14 23
5 15 24
7 18 32
5 11 25
6 22 34
5 1 35
6 21 21
7 17 33
7 7 11
7 3 22
7 4 23
7 3 28
7 15 15
3 11 12
8 14 18
5 12 14
6 8 33
1 7 8
8 9 34
6 18 22
2 14 30
8 3 15
2 9 35
2 17 31
2 5 20
5 8 34
5 17 20
6 2 20
8 8 34
7 4 31
1 17 35
8 5 32
8 17 17
4 19 24
2 12 24
4 1 14
8 1 5
3 23 34
4 23 25
7 20 31
8 8 25
3 22 23
8 19 29
6 21 22
2 10 26
4 21 29
8 2 35
8 10 31
6 1 26
1 3 18
6 3 6
7 12 33
6 26 26
4 9 30
7 33 35
5 4 13
7 21 32
2 21 35
1 18 26
8 7 18
8 17 22
2 1 19
8 13 15
5 8 11
3 13 16
8 12 20
4 6 9
7 9 19
7 6 6
6 28 32
3 1 25
6 9 24
3 5 19
6 12 23
8 14 25
5 3 11
8 21 31
8 5 36
5 1 13
5 17 26
7 33 33
5 5 25
7 8 22
3 5 24
8 19 24
4 26 28
8 5 12
2 4 16
8 3 16
1 2 16
6 2 11
6 24 27
1 30 34
8 1 3
7 19 34
6 22 32
3 8 28
7 12 17
8 3 19
8 2 8
3 29 34
3 17 35
6 9 29
3 17 32
3 19 35
8 6 27
4 15 21
5 2 23
2 6 10
2 33 35
5 6 19
3 15 33
7 14 25
1 2 29
8 11 29
5 11 12
8 9 21
4 2 18
8 10 15
2 13 25
2 19 36
8 12 31
4 7 21
4 25 34
7 34 36
5 18 27
5 6 13
8 5 14
8 29 34
7 23 36
6 12 29
5 9 31
5 7 12
4 9 15
7 9 13
7 18 22
8 15 19
4 8 10
3 4 6
6 5 30
8 2 15
7 13 18
5 12 22
8 13 31
5 16 34
8 13 35
6 5 34
5 12 15
4 3 26
8 28 32
4 1 27
6 5 9
6 10 34
8 5 27
4 34 34
5 3 14
8 21 24
7 24 29
7 10 24
8 15 24
5 20 31
7 23 26
6 3 32
6 8 29
3 5 31
8 13 33
1 19 21
6 6 32
5 1 7
8 5 24
1 4 9
3 7 27
8 3 17
6 3 13
7 8 13
6 13 20
4 31 34
8 24 32
6 4 14
4 2 9
8 18 30
4 5 28
8 18 34
4 23 30
6 25 30
5 10 32
6 4 10
7 9 22
6 20 31
2 14 31
7 5 25
1 14 17
8 29 35
8 32 34
3 15 26
2 5 24
5 14 33
8 24 27
8 26 30
2 3 26
8 4 36
8 17 25
5 1 26
6 5 26
1 23 31
4 8 16
7 29 33
8 20 35
8 16 16
4 6 8
1 9 27
7 21 22
5 10 34
5 5 32
8 5 10
8 3 9
7 7 10
8 12 14
2 23 34
5 12 21
7 18 20
5 2 4
2 11 20
6 28 28
8 9 29
8 24 25
6 5 5
6 9 20
7 14 17
3 14 34
8 18 23
8 10 26
1 12 33
5 4 33
8 11 22
3 21 33
6 10 31
6 17 34
8 33 34
6 8 27
3 2 20
3 20 24
8 20 27
8 4 4
6 3 17
7 1 12
2 7 11
7 4 8
1 6 13
6 8 12
3 13 29
8 16 28
4 17 24
8 18 20
6 2 33
6 2 24
6 3 18
6 16 28
6 3 11
7 15 30
6 9 27
6 17 33
3 23 33
4 4 4
8 10 33
7 10 31
2 9 19
2 7 29
7 14 18
4 2 31
3 17 25
3 3 12
7 7 22
6 29 32
4 13 13
8 11 30
6 3 35
1 3 28
6 12 15
5 6 8
8 16 27
1 9 35
3 1 30
8 15 22
8 14 16
5 15 27
4 8 33
6 5 7
8 9 27
3 9 13
4 22 24
8 13 32
6 17 35
8 7 34
5 3 32
8 22 31
7 11 18
6 12 30
1 1 16
8 24 36
8 22 33
3 20 33
8 16 22
8 1 2
1 2 10
3 5 34
7 13 35
5 4 28
8 5 16
7 13 20
1 10 12
2 19 29
7 21 36
2 12 31
8 5 8
4 30 31
8 10 34
8 1 17
6 6 23
4 3 20
8 18 18
3 10 15
8 16 17
3 18 33
8 8 29
4 6 26
3 4 14
4 14 26
1 6 35
4 8 35
7 16 26
7 11 19
2 25 32
7 4 30
6 30 31
1 22 28
3 9 9
5 19 21
8 21 28
5 19 19
5 3 31
7 3 15
6 18 34
3 20 36
6 22 28
6 11 15
7 2 19
8 3 11
8 7 28
1 22 31
4 1 6
7 12 26
6 7 16
5 15 21
6 12 27
7 4 15
4 13 16
7 20 20
5 21 23
2 31 31
5 5 33
8 20 36
6 31 33
5 21 31
6 11 27
4 13 18
3 10 19
1 18 19
8 16 18
7 16 19
3 15 28
7 27 29
7 2 33
4 8 22
2 27 31
7 6 24
6 10 15
5 1 31
7 5 35
8 23 27
5 1 2
1 3 12
8 10 27
8 23 32
4 1 17
3 2 22
5 17 24
8 26 27
7 6 17
8 19 23
7 14 34
2 6 32
1 16 24
3 1 24
8 9 33
6 3 28
5 9 33
3 10 25
8 15 20
4 5 31
8 21 33
8 13 23
2 18 26
5 26 35
4 26 26
7 25 32
8 6 30
8 31 35
6 4 18
6 11 34
6 15 34
5 12 30
4 2 33
7 10 35
7 30 30
6 12 32
8 7 25
7 14 30
6 1 16
7 14 27
2 10 23
8 9 15
8 11 33
5 23 35
4 30 33
2 8 32
5 22 31
5 14 30
8 4 32
5 26 31
5 14 34
5 7 24
6 15 36
1 4 23
8 23 24
7 11 26
5 2 8
1 2 35
5 31 35
2 12 35
8 13 20
8 3 20
8 30 33
5 2 14
3 11 31
8 34 34
5 15 25
2 9 31
4 3 12
5 1 12
8 20 31
8 8 23
6 12 33
4 6 16
2 7 12
3 14 16
2 26 26
4 12 14
4 23 33
4 17 22
8 28 34
7 26 36
8 19 21
7 31 35
4 5 7
4 21 28
6 19 33
4 14 33
1 4 22
8 18 29
4 10 34
7 28 33
3 5 32
7 25 33
7 3 10
3 24 27
6 4 6
6 33 35
5 9 15
4 23 24
7 15 27
8 18 33
8 6 21
8 1 9
8 14 28
5 11 29
5 9 16
7 1 15
6 1 5
3 32 32
7 32 33
7 32 36
2 24 24
5 19 28
8 17 26
3 14 31
6 31 32
5 10 30
2 24 34
6 22 24
8 16 21
5 2 31
8 6 7
3 2 36
7 5 20
2 19 20
6 30 30
4 3 29
7 6 35
6 13 32
8 7 17
8 7 20
5 4 23
8 12 23
8 35 35
1 11 34
4 9 33
7 13 32
7 30 34
5 1 34
5 1 24
7 7 28
7 15 19
6 22 35
4 2 10
7 6 33
8 10 11
7 6 12
5 24 31
7 14 28
8 35 36
3 16 20
6 7 25
8 7 27
5 4 9
6 2 29
8 23 34
7 1 35
8 7 29
3 13 30
8 9 9
6 2 4
7 6 26
1 14 33
6 10 13
8 26 31
6 16 36
7 4 5
8 10 35
2 11 35
3 27 34
8 14 31
4 32 34
6 4 24
5 12 24
6 9 13
8 13 28
3 2 21
5 20 30
4 35 36
5 20 21
6 7 11
7 1 18
7 17 22
1 2 18
7 17 29
1 5 35
6 11 31
8 13 16
5 24 26
7 27 36
5 6 16
8 34 35
5 15 17
3 8 8
5 9 30
7 4 17
3 2 33
6 7 12
8 3 3
8 24 35
7 3 6
7 18 31
8 19 32
3 6 28
7 20 34
5 24 30
6 14 31
3 2 35
5 12 13
7 30 31
4 4 5
4 20 30
3 30 32
7 10 33
8 18 36
5 5 28
6 31 35
3 18 32
3 6 7
8 26 32
2 15 23
2 6 31
7 7 7
8 27 27
6 15 18
6 8 25
6 8 31
6 12 21
2 26 31
5 21 29
8 3 36
4 27 35
2 8 12
8 9 20
3 21 34
7 10 18
8 6 34
6 3 10
8 10 24
3 13 19
3 4 24
5 21 22
2 27 34
3 26 27
3 11 35
3 18 30
6 14 14
7 16 28
7 22 23
8 19 36
6 7 32
3 16 31
5 12 34
6 20 22
6 8 8
6 7 15
6 6 29
6 17 31
5 33 35
6 21 25
7 6 36
8 12 27
5 23 31
8 28 28
3 20 21
8 27 29
6 3 9
7 21 27
5 17 33
5 24 35
7 3 13
7 10 26
4 5 24
7 5 19
5 25 32
2 20 26
8 6 11
6 17 22
8 10 36
7 8 31
8 19 33
8 2 29
2 8 10
5 16 19
5 5 13
5 4 34
8 28 35
8 17 23
6 30 34
6 21 27
4 2 25
4 12 16
5 23 36
7 19 35
8 15 21
6 2 8
6 3 12
8 4 20
4 9 26
4 17 18
7 7 25
4 16 28
3 11 22
8 33 36
8 2 13
7 8 20
7 3 30
7 9 18
4 1 36
3 23 36
3 22 35
7 13 26
7 11 35
7 23 28
3 17 17
3 29 36
5 18 26
6 9 23
6 5 12
3 15 23
8 25 31
6 5 29
2 5 7
6 6 33
8 4 16
7 3 11
7 4 12
5 11 36
8 2 2
6 30 32
7 19 23
4 7 32
2 3 20
8 22 23
8 19 19
3 25 25
8 8 8
7 5 29
2 8 26
7 17 20
4 21 30
5 12 33
2 10 12
7 7 8
7 15 26
8 16 29
8 12 13
3 7 36
6 2 7
7 6 21
7 14 14
5 12 32
8 3 26
4 11 15
5 25 28
8 20 28
3 15 19
6 5 11
7 7 20
6 7 19
4 10 16
5 9 10
5 25 26
7 2 2
7 6 8
8 16 20
2 24 35
4 3 32
4 32 33
3 1 5
1 19 32
8 13 13
8 8 14
2 22 36
8 13 17
5 2 13
4 25 36
3 8 31
5 8 32
