49 50
000000000000000000000000000000000000000000000000011111011011011111001001010001110000111001100010010
000000000000000000000000000000000000000000000000010010011111011000111111111110000000011110101010111
000000000000000000000000000000000000000000000000000110010110000110110011000010001110100111001001001
000000000000000000000000000000000000000000000000001110101010111000001100000111001110001100001110000
000000000000000000000000000000000000000000000000000000110000111010011011010011110001010100100110011
000000000000000000000000000000000000000000000000011000100010111110011010101101101100100001101110100
000000000000000000000000000000000000000000000000011110111001111010110010010110000010110101101111000
000000000000000000000000000000000000000000000000010010111000001001111101100110001001001101000011001
000000000000000000000000000000000000000000000000001001000001100110010100110101110011100111111110101
000000000000000000000000000000000000000000000000010010001101110001101000001001101010110110110111010
000000000000000000000000000000000000000000000000000100110010001001101011011101111000011100011110001
000000000000000000000000000000000000000000000000001111101000101101000110000101111010000100110011001
000000000000000000000000000000000000000000000000001010100110011100100100011110111100101011001101101
000000000000000000000000000000000000000000000000011100110111011011100001000100000010110101000100110
000000000000000000000000000000000000000000000000011101100001110001100010011010101111000100100100100
000000000000000000000000000000000000000000000000001100101111111011111000001111100101010001001001000
000000000000000000000000000000000000000000000000001110101010111100110000000011111001010101110001010
000000000000000000000000000000000000000000000000001010010011010001110100101100111010000101000101000
000000000000000000000000000000000000000000000000011110100010100000010100111111010000011000111100110
000000000000000000000000000000000000000000000000010111011001101000111101011010000001010100111110010
000000000000000000000000000000000000000000000000000010100000000000001111010011101000001111111101110
000000000000000000000000000000000000000000000000010101001101101000011100101100000011010001100000111
000000000000000000000000000000000000000000000000001001100001001000111110101101011100100101111010110
000000000000000000000000000000000000000000000000011011001110111000001100010101010001101011011000101
000000000000000000000000000000000000000000000000010111100111010000100000100111110100101011111000011
000000000000000000000000000000000000000000000000000100101111110001110011011011100110100010100000011
000000000000000000000000000000000000000000000000010011110001100111100110110111000001001010100101001
000000000000000000000000000000000000000000000000000110000100101011100000010001011110111110110011001
000000000000000000000000000000000000000000000000000110011101101111011111110000110101100001101100110
000000000000000000000000000000000000000000000000011110010010101110101000010101101010000100000111111
000000000000000000000000000000000000000000000000010010010111000001111101101100000100011000100100001
000000000000000000000000000000000000000000000000000011001110011010100110111000110111011110101010010
000000000000000000000000000000000000000000000000001010110100001100110111011000101011110100101100101
000000000000000000000000000000000000000000000000000111101110011100100110111111000011001100111100011
000000000000000000000000000000000000000000000000010001001000000000001110001100001111010001001001000
000000000000000000000000000000000000000000000000000010101110100101011011110001110100111100111100011
000000000000000000000000000000000000000000000000000001110100001110101010010110001111101100001010111
000000000000000000000000000000000000000000000000011010111101101001110111110010000000010011011001100
000000000000000000000000000000000000000000000000001100101011010000110011101001101110001001011110000
000000000000000000000000000000000000000000000000010111011010000111101000111100001111101010010101100
000000000000000000000000000000000000000000000000001001011110110010000010110001011100000101001000110
000000000000000000000000000000000000000000000000000101101001111111011101010110000000100010000000100
000000000000000000000000000000000000000000000000001000110000111010000001110011001110100011100110100
000000000000000000000000000000000000000000000000011101100101000110000111001110011101110000111111001
000000000000000000000000000000000000000000000000011000111011001110111011000110010011111011101100011
000000000000000000000000000000000000000000000000001010110010011010101001011111110000111010101001110
000000000000000000000000000000000000000000000000011010000001110111101010001111111000101111110011100
000000000000000000000000000000000000000000000000000100010110000010011001100010001001110101100111101
000000000000000000000000000000000000000000000000001101101011100110011101011110000000000101111010101
110001110100011000110101101001100010010100011010000000000000000000000000000000000000000000000000000
100101101001111111100011000001001000011010111110100000000000000000000000000000000000000000000000000
101100100011011110110100110111000100001101010001100000000000000000000000000000000000000000000000000
111100110101100011111001101111111101010100000110000000000000000000000000000000000000000000000000000
100000001001001000010111101000010110100111010000100000000000000000000000000000000000000000000000000
000111110011111110101010111000001101111001111100100000000000000000000000000000000000000000000000000
111010110010010001010000001011101000110110101101000000000000000000000000000000000000000000000000000
110100110101000110010101010010010111011111001000100000000000000000000000000000000000000000000000000
011000000100110100000101110110111101110010010001000000000000000000000000000000000000000000000000000
111101000010110111100001110001110101001110001101100000000000000000000000000000000000000000000000000
110000101100011101010110111010100000011001011010100000000000000000000000000000000000000000000000000
000111101101001110110101011111000001010011100010100000000000000000000000000000000000000000000000000
110111100100111111000001110000010100001011100110000000000000000000000000000000000000000000000000000
110111110011110110010111000111011100110001101100000000000000000000000000000000000000000000000000000
101001001001100010000000001011001101100101011010100000000000000000000000000000000000000000000000000
101011101000010100000000001111010000100111111111100000000000000000000000000000000000000000000000000
100000010111011101000000011110100001010101000010000000000000000000000000000000000000000000000000000
011000110110111111010010111101111100111100001110000000000000000000000000000000000000000000000000000
011011111000000111110110010010101001011001001001100000000000000000000000000000000000000000000000000
110111010110000100011111000011100011100101001111100000000000000000000000000000000000000000000000000
010100011001100001111111001010111110010001010000100000000000000000000000000000000000000000000000000
011011100011001000001010011010011111111010011010000000000000000000000000000000000000000000000000000
111010010010010000011000010010101001011001111101100000000000000000000000000000000000000000000000000
010001011000000001100110101010110101011110100001000000000000000000000000000000000000000000000000000
110010101010101000111001011111011101110111100100100000000000000000000000000000000000000000000000000
010001000110101101110110010000111110001100010110100000000000000000000000000000000000000000000000000
010101111011110101100111101001100110100101011110100000000000000000000000000000000000000000000000000
011110110000101110111000111000000100110001111111100000000000000000000000000000000000000000000000000
100111001111000110101011111101000101001010100110000000000000000000000000000000000000000000000000000
100011001111101111001000110011011001001000000110000000000000000000000000000000000000000000000000000
100010001011100011100011100110010001000010011110000000000000000000000000000000000000000000000000000
001101010111101011001010000101001010101110110011000000000000000000000000000000000000000000000000000
001101000000101100000010110110110011101110110000000000000000000000000000000000000000000000000000000
001100101101011001000100010101011110101100101000000000000000000000000000000000000000000000000000000
000010011000001110010101001010011110100100011001000000000000000000000000000000000000000000000000000
101001101100110000000011110110001001100101111111000000000000000000000000000000000000000000000000000
110010100110010110110100000100111011010000011101000000000000000000000000000000000000000000000000000
110100010010100000101001101100110101101100001110000000000000000000000000000000000000000000000000000
011110111111011011011010000101011101100010000011100000000000000000000000000000000000000000000000000
011000001100100000001001111100010000010101101110000000000000000000000000000000000000000000000000000
101001111000110111001111100010000010011010101011100000000000000000000000000000000000000000000000000
110011101101001010111110111110111101000000111111100000000000000000000000000000000000000000000000000
000000001111000010111011100100000101011100010010100000000000000000000000000000000000000000000000000
011101101010100100111011100010011111111010011100100000000000000000000000000000000000000000000000000
000111101110111001111000001011101101001100111001000000000000000000000000000000000000000000000000000
110111111111000000010010000101010000101000110011100000000000000000000000000000000000000000000000000
001000110101100111001000001101000010010100010111000000000000000000000000000000000000000000000000000
010001001000111000101111000011001000110111100111100000000000000000000000000000000000000000000000000
110010000100010010111110110011010101100010001100000000000000000000000000000000000000000000000000000
011010011011100000000101111101101101100000011001100000000000000000000000000000000000000000000000000
