50 40
000000000000000000000000000000000000000000000000001000000111111101011101101111010101101111
000000000000000000000000000000000000000000000000001011110100011111010000011011111000111101
000000000000000000000000000000000000000000000000001000111000111001011011111011001100001001
000000000000000000000000000000000000000000000000001001000001010010010001000111001010111010
000000000000000000000000000000000000000000000000000011100111100101111010001101111111110010
000000000000000000000000000000000000000000000000001101011010101110001110001001010010010000
000000000000000000000000000000000000000000000000000000101001011011011100110100111011100111
000000000000000000000000000000000000000000000000001011010100101011111111100001011010110100
000000000000000000000000000000000000000000000000001001101001100011100101001010101111000100
000000000000000000000000000000000000000000000000001001010110110001001011101101111111110111
000000000000000000000000000000000000000000000000001111101101011100100100100010011011110101
000000000000000000000000000000000000000000000000000100110011111110101110000100011111000010
000000000000000000000000000000000000000000000000001001101001010101000011000001000101101011
000000000000000000000000000000000000000000000000001100010101001101101011000100100001101110
000000000000000000000000000000000000000000000000001111001011001111101000101001111011010111
000000000000000000000000000000000000000000000000001100110010000010001010010001101011101100
000000000000000000000000000000000000000000000000000101110011100100010001001000011010111110
000000000000000000000000000000000000000000000000001101010110100010100111111011101011011101
000000000000000000000000000000000000000000000000001000111101011110111000011100000000111001
000000000000000000000000000000000000000000000000001011101100001101011010101000101000000101
000000000000000000000000000000000000000000000000000111100000010100111110111010101110100011
000000000000000000000000000000000000000000000000000011100001011000101100100001111001110011
000000000000000000000000000000000000000000000000001111000000101011000001000111111011111110
000000000000000000000000000000000000000000000000001001110000010110011011000111001011100111
000000000000000000000000000000000000000000000000000001010110110110001111100111001001011001
000000000000000000000000000000000000000000000000000111110101111011010000101010000000011110
000000000000000000000000000000000000000000000000001011001100011000100011101111000011010001
000000000000000000000000000000000000000000000000001100010010000101110010111101001101000001
000000000000000000000000000000000000000000000000000000000000000100111001111000101110010100
000000000000000000000000000000000000000000000000000010011100010010100111001000100110111110
000000000000000000000000000000000000000000000000000111100110000000010011111110011101010110
000000000000000000000000000000000000000000000000000111110110111111101100110011010101110110
000000000000000000000000000000000000000000000000001111111011111101001110100000111010101001
000000000000000000000000000000000000000000000000000100100111110110001001111100001011011001
000000000000000000000000000000000000000000000000000100010101100101101101100000000000001111
000000000000000000000000000000000000000000000000001111100100001001011101110100011100001000
000000000000000000000000000000000000000000000000001010101110001011110111111010001110101010
000000000000000000000000000000000000000000000000001100110101000111100000011100011011011111
000000000000000000000000000000000000000000000000000101000110001001011001111000101000000110
000000000000000000000000000000000000000000000000001011100111001110110101001110011001010111
000000000000000000000000000000000000000000000000000111010000011001101100111001101101010111
000000000000000000000000000000000000000000000000001001100110011010001011100110011000110000
000000000000000000000000000000000000000000000000000001000000010101100111000000101100000111
000000000000000000000000000000000000000000000000000011110100101111101001110101100111100110
000000000000000000000000000000000000000000000000000110001101110100101100000011101100000011
000000000000000000000000000000000000000000000000001001111001000010001110000111101111100111
000000000000000000000000000000000000000000000000000101000010000011010111010110111011101000
000000000000000000000000000000000000000000000000000001010101101011100001110000001001011011
000000000000000000000000000000000000000000000000000101111111000010010001111000001011110010
000000000000000000000000000000000000000000000000001010100111000111000100001110111111010011
111101011110111101110011001100001001110101000100010000000000000000000000000000000000000000
000001000011011111001010010100111111011010001010100000000000000000000000000000000000000000
010010010010001000011110011001111001100110011000010000000000000000000000000000000000000000
010111011110101011011111111000111001001111110111100000000000000000000000000000000000000000
011010101011100110111101010000111101110101010100110000000000000000000000000000000000000000
011001010101010111100001110101011010010010010101100000000000000000000000000000000000000000
001001101010101000110000001001001000100000001100100000000000000000000000000000000000000000
110010010110010001110000111001110111111101011001110000000000000000000000000000000000000000
100011000101001111000000100100111100101101000010110000000000000000000000000000000000000000
100110101011111010100100010000001110010100001101110000000000000000000000000000000000000000
101011011101000011000010110000011110000000011001000000000000000000000000000000000000000000
111100100111100000101101111001011100000011101000000000000000000000000000000000000000000000
111001110011011000110110011000011001101111010001000000000000000000000000000000000000000000
110011000011111010111001100110011110010100111000010000000000000000000000000000000000000000
010101111001001101100011110001010100110101010111110000000000000000000000000000000000000000
111010111100111000010010010100011011111010110011010000000000000000000000000000000000000000
000010011011011001101100001111010010110110111001000000000000000000000000000000000000000000
111110110000000010111001010110100001101100000010100000000000000000000000000000000000000000
101011110101011100111101100010011111001011011100000000000000000000000000000000000000000000
100001111011000001001100100001011011100110101110010000000000000000000000000000000000000000
001011010101110101011001101101101000100001100110000000000000000000000000000000000000000000
101100011100110011000011101011100111101101110011100000000000000000000000000000000000000000
101000110110001001011100111110111111101011010001100000000000000000000000000000000000000000
011000100000000101101000000110110101111010010011100000000000000000000000000000000000000000
111011001100001011111000011111100100111110000000110000000000000000000000000000000000000000
100110100101010000100011101100100101010101010110010000000000000000000000000000000000000000
111100001010000001001011111000110000100101001110010000000000000000000000000000000000000000
111111010100101101000111101100010000000010011100000000000000000000000000000000000000000000
010010101100011101011110000011001000001010111110010000000000000000000000000000000000000000
110011110111001010000110000000111001010101000010010000000000000000000000000000000000000000
011110111111001111011111100110101101111111101111110000000000000000000000000000000000000000
101010001101100000001000000111110001100010111100010000000000000000000000000000000000000000
000111111111001111001011001011001100110000010110110000000000000000000000000000000000000000
100010101111111101000111101100110100010110010111110000000000000000000000000000000000000000
110110110110110110101111000001011000100001010110100000000000000000000000000000000000000000
010111010110001011100110111011110100010111000001110000000000000000000000000000000000000000
111100000000110111100010110001001111110000000011000000000000000000000000000000000000000000
110000111110011111010011010011110010011110110100000000000000000000000000000000000000000000
100110100101111010001111010001110010111110111101110000000000000000000000000000000000000000
111000100110101001111101101100001110010110101101010000000000000000000000000000000000000000
