40 50
000000000000000000000000000000000000000000100000001001011111010110110110111111110100000011
000000000000000000000000000000000000000010010100000001110101010110011111100011000011010110
000000000000000000000000000000000000000011101000110110100110110001100100010100001111011000
000000000000000000000000000000000000000011001100000001101110100111101000010001101111011001
000000000000000000000000000000000000000001111100100110111011100110110101011101001000001000
000000000000000000000000000000000000000010010011101110100000010100011001100100011100011110
000000000000000000000000000000000000000010000100000001101100010110011011110000100100010101
000000000000000000000000000000000000000010001100101010010110101101000010001110011001110010
000000000000000000000000000000000000000010110110110100101001111100111110111000110101000111
000000000000000000000000000000000000000000100000010101110110100000001101010101000101000001
000000000000000000000000000000000000000010101000011101100011000110011111001001110001101001
000000000000000000000000000000000000000000011010111100100000110010011011000000110101000110
000000000000000000000000000000000000000001111011111010101011010101000100100110101100101001
000000000000000000000000000000000000000011000100011100011011001110010001010110111111010111
000000000000000000000000000000000000000010100101100000111001000001100101001011111000101111
000000000000000000000000000000000000000011011011110011010110110001011111100011111011101110
000000000000000000000000000000000000000010100000001101011100110010010011010001001010101111
000000000000000000000000000000000000000000100101001101001001100001011001010011000101111000
000000000000000000000000000000000000000011001111101111101000010000001110100001111110111101
000000000000000000000000000000000000000000011011100001100001110000000111001000000000100110
000000000000000000000000000000000000000010000011011111101001010001011001101110110111001101
000000000000000000000000000000000000000011010001111101000100000000010010001111010001001000
000000000000000000000000000000000000000010101000100111101111001100010000110011000001110101
000000000000000000000000000000000000000010011111101101101011011000000101110001011111100110
000000000000000000000000000000000000000011100101011100000011100100101101010000000110001101
000000000000000000000000000000000000000011100101000000110101111110011110011000100000010011
000000000000000000000000000000000000000011000000000010011110001101111110001001011000010111
000000000000000000000000000000000000000001111100011011110011101101010001101101001011000011
000000000000000000000000000000000000000001100111010001000011101001101011011111011000000010
000000000000000000000000000000000000000010001111000111000001101101010100110010001111000111
000000000000000000000000000000000000000001111100101111100111001100010101100101001101000011
000000000000000000000000000000000000000001011000111100110101000001111110001100010001001000
000000000000000000000000000000000000000011100110101100100101111010111111001110001000000111
000000000000000000000000000000000000000010001010011111000111011010000010110101000100010110
000000000000000000000000000000000000000010011110101111010010000000111010000100011001001010
000000000000000000000000000000000000000000001010001000010001100001101010100101011100011111
000000000000000000000000000000000000000000011000011000011111100010001111110011101001011010
000000000000000000000000000000000000000000110111101000110011111111010000010000010100110010
000000000000000000000000000000000000000010111110001010111000110100100111001010001001010010
000000000000000000000000000000000000000000000010011100100100111101110010110001100000110110
011101111010011110101111111001001110001000000000000000000000000000000000000000000000000000
001110000000110100100100111110111000000000000000000000000000000000000000000000000000000000
101010001110101011000010110110101000011000000000000000000000000000000000000000000000000000
010011001001100100010101000100110010111000000000000000000000000000000000000000000000000000
001110010011100100110011000101110111101000000000000000000000000000000000000000000000000000
010110111000011001100001110111101010011000000000000000000000000000000000000000000000000000
000001001001100100111001000011001111011100000000000000000000000000000000000000000000000000
000001000000101101111101110011000000010000000000000000000000000000000000000000000000000000
001011011001101100110111000000111010010000000000000000000000000000000000000000000000000000
001000001111110100001100100110010100100100000000000000000000000000000000000000000000000000
100001010011110011101101100100111111111100000000000000000000000000000000000000000000000000
001011001111010011101111100001111110000100000000000000000000000000000000000000000000000000
001011010000100100101010001101100110001000000000000000000000000000000000000000000000000000
110100100110000111111111000111100110000000000000000000000000000000000000000000000000000000
011111101111101000111011010100111000011100000000000000000000000000000000000000000000000000
110010010100011110000000011100010011111000000000000000000000000000000000000000000000000000
100110101000111011101011001000000000101000000000000000000000000000000000000000000000000000
111100110100000110000110011000111100100100000000000000000000000000000000000000000000000000
101110010110110100000011101110100110110000000000000000000000000000000000000000000000000000
110010001010111001011011110111111101110000000000000000000000000000000000000000000000000000
001110011101000111010000110111001001111100000000000000000000000000000000000000000000000000
111001101001100110111001010000001100011100000000000000000000000000000000000000000000000000
000000011000010000000011011111101100010100000000000000000000000000000000000000000000000000
110111111010110000000010111101100000011100000000000000000000000000000000000000000000000000
110110100011010010000000010000001100110000000000000000000000000000000000000000000000000000
001100010000101101001000001111010001010100000000000000000000000000000000000000000000000000
101110001000001000000000101010011011001100000000000000000000000000000000000000000000000000
110011101011010111001110011101111010010100000000000000000000000000000000000000000000000000
010101101111000101101000111010011011100000000000000000000000000000000000000000000000000000
111010001110101100110001111001111000101000000000000000000000000000000000000000000000000000
110000111011000110110100011010011111101100000000000000000000000000000000000000000000000000
010011100111011111011001100110101000101000000000000000000000000000000000000000000000000000
110001101000100100101011000101100101100100000000000000000000000000000000000000000000000000
101110101100010011000011110011000100110100000000000000000000000000000000000000000000000000
100010011010001000011100011110011000001000000000000000000000000000000000000000000000000000
101011010100110000001100000110111111000000000000000000000000000000000000000000000000000000
110000010000111101001110000011001000101000000000000000000000000000000000000000000000000000
110110000110001111100111001110100101100100000000000000000000000000000000000000000000000000
100100101011111100101000010000000000100100000000000000000000000000000000000000000000000000
100001011011011100101101001010010011010000000000000000000000000000000000000000000000000000
001111010000111110100001001111101011101000000000000000000000000000000000000000000000000000
101101101101110001101001100001100101010000000000000000000000000000000000000000000000000000
011100000000010110101001100101000000000000000000000000000000000000000000000000000000000000
011100011111010101001111000101110010101000000000000000000000000000000000000000000000000000
000000010010101111110011000000000000010100000000000000000000000000000000000000000000000000
011101110000010001100010011000000101111100000000000000000000000000000000000000000000000000
001111000010101111101100100000010011100000000000000000000000000000000000000000000000000000
010001101001011110111011101001001101000100000000000000000000000000000000000000000000000000
110001011001011110010001011111101111111100000000000000000000000000000000000000000000000000
100100101110111010101010111101101001000000000000000000000000000000000000000000000000000000
