50 49
000000000000000000000000000000000000000000000000001001110101000001100111010110100101001101110101110
000000000000000000000000000000000000000000000000001000111001001000010110110000000010110100100001001
000000000000000000000000000000000000000000000000000000110010010111110001110110100110001101000110011
000000000000000000000000000000000000000000000000001111101101111010001011001001001010000000101010100
000000000000000000000000000000000000000000000000000111100000110001010000111010010110111111001110001
000000000000000000000000000000000000000000000000000101011110110010011100100010010100001001100010101
000000000000000000000000000000000000000000000000001000100001110101100110110011110011110010010110111
000000000000000000000000000000000000000000000000000100111101101010000111100000001011010110110000111
000000000000000000000000000000000000000000000000000000001000000011110111001011010010000110101011110
000000000000000000000000000000000000000000000000000111101010110001111011100001010011001101100101001
000000000000000000000000000000000000000000000000001110001110101000100100101110010010010101100100110
000000000000000000000000000000000000000000000000001011100001000111110010111110111000100110110001010
000000000000000000000000000000000000000000000000000010101000110100110000100110110010011110100000100
000000000000000000000000000000000000000000000000001010000101110110110101111011000010011011000001010
000000000000000000000000000000000000000000000000000011111000101101100101111110001101111110111011111
000000000000000000000000000000000000000000000000000011100100100100110100100110000010100000100001001
000000000000000000000000000000000000000000000000001101110111001010110110010011101100000000011101111
000000000000000000000000000000000000000000000000001101001000011010001100110011110011100111000011100
000000000000000000000000000000000000000000000000001000101111111110111100010001100011011111000001110
000000000000000000000000000000000000000000000000001101001100001100001000110111111101110010000010110
000000000000000000000000000000000000000000000000001000101110110100010100100101111001001110000111010
000000000000000000000000000000000000000000000000000001000011100000101100101000111011000110110011100
000000000000000000000000000000000000000000000000001100111100000110000110111110011101101010101000010
000000000000000000000000000000000000000000000000001100001111011010011001111101000111011100110001110
000000000000000000000000000000000000000000000000001010111000100101111100100101001101101101011101011
000000000000000000000000000000000000000000000000000110110011100111001101110011110111100000000010000
000000000000000000000000000000000000000000000000000110010010101011001111000110110110010101111001011
000000000000000000000000000000000000000000000000000000100111000111011110001000110110101100011000011
000000000000000000000000000000000000000000000000001101101011011100110000110101100100110101010011100
000000000000000000000000000000000000000000000000000101011000010000011111111110101101110010010101010
000000000000000000000000000000000000000000000000001100001011001100100001011101001110000110000011000
000000000000000000000000000000000000000000000000001000101001110101101000100111101100011000111011011
000000000000000000000000000000000000000000000000001000010000100011000110011101001010011000100010001
000000000000000000000000000000000000000000000000001011100001010101011010000101111100010000111000000
000000000000000000000000000000000000000000000000001000011100111110000100000100101101011010111001110
000000000000000000000000000000000000000000000000001011001100000110110001000010001011010101001000001
000000000000000000000000000000000000000000000000000000010001110010111010100100111111000111001011011
000000000000000000000000000000000000000000000000000010000101000100001110100000001000101110000101101
000000000000000000000000000000000000000000000000001100000001101101000000001001100011011110100000011
000000000000000000000000000000000000000000000000000110110110011111111000100110110111000011001111010
000000000000000000000000000000000000000000000000001110001011001111101100111100110000100111100011100
000000000000000000000000000000000000000000000000000010000100101111111001100000010001100110110001110
000000000000000000000000000000000000000000000000000011110001111101010101000010101110011001001110011
000000000000000000000000000000000000000000000000001011001010101101100000011010001110101100111100101
000000000000000000000000000000000000000000000000001110001011110110011100110001000100001101000001100
000000000000000000000000000000000000000000000000001000000011101000101111110010010110011111011010101
000000000000000000000000000000000000000000000000001001010011101110110001101000110010000101111100001
000000000000000000000000000000000000000000000000001011001110010101110111101111000110101011111010011
000000000000000000000000000000000000000000000000001100010010010111101111100011001111100101111111100
000000000000000000000000000000000000000000000000000011000111001010010111011001111111100000000010000
110100100011010011111011100010111111001010011111100000000000000000000000000000000000000000000000000
000111010110000011010011011011100000001110001000100000000000000000000000000000000000000000000000000
000110000111111100000000111000000101010111111001010000000000000000000000000000000000000000000000000
100111000101001111010100000011000101000000110011010000000000000000000000000000000000000000000000000
111110110101101110101010110110010100000100100000000000000000000000000000000000000000000000000000000
111001010000001010000010111001001010100100100010100000000000000000000000000000000000000000000000000
010101011110101001111011100011110011000010011001000000000000000000000000000000000000000000000000000
100101010010010110111011000100000011010101000001010000000000000000000000000000000000000000000000000
001001000110000010101101011110100000000110011111110000000000000000000000000000000000000000000000000
110100110001010010100101010110110100111010101110010000000000000000000000000000000000000000000000000
000111110110111100101100111000011010101001111110000000000000000000000000000000000000000000000000000
001111100100110001101001000011010110100100101001100000000000000000000000000000000000000000000000000
010100010010001011110001001010100010001111110110010000000000000000000000000000000000000000000000000
001000100001111100111010110110110111011111111011100000000000000000000000000000000000000000000000000
001101011001010011100011011100001011100111001010110000000000000000000000000000000000000000000000000
101010101101001000000000111100011100001111110001100000000000000000000000000000000000000000000000000
101000101111111110100100100010110001100111010111100000000000000000000000000000000000000000000000000
011011001101110110101001100111000101100101101011010000000000000000000000000000000000000000000000000
000101000100000001110101111101010100110111001100100000000000000000000000000000000000000000000000000
110001111010011111101110111101001010010010101101110000000000000000000000000000000000000000000000000
110100111101000010000010001101001100110000000101110000000000000000000000000000000000000000000000000
101100011100011000000001011001100001000001100111110000000000000000000000000000000000000000000000000
011011110111111101011111110011010000110111001111100000000000000000000000000000000000000000000000000
111010100001011011110011010011101000000010011100010000000000000000000000000000000000000000000000000
000110001011011000000111000101101000001010010011010000000000000000000000000000000000000000000000000
101000000011101100011011101011111110100110000001000000000000000000000000000000000000000000000000000
101011101011111111010010011001010001000100110101100000000000000000000000000000000000000000000000000
000100101100010011111001110010111100001000001001110000000000000000000000000000000000000000000000000
101000100001100011111100011111010110101110100010010000000000000000000000000000000000000000000000000
000011101111100001011110011100000100100111000110010000000000000000000000000000000000000000000000000
000100010001001010011110100001111111110000110000110000000000000000000000000000000000000000000000000
101011000000001010010011111111110110100100111101110000000000000000000000000000000000000000000000000
011110111110110101100101011100101001101100110111110000000000000000000000000000000000000000000000000
100000110100001001111111110001000011101101000000110000000000000000000000000000000000000000000000000
010010100001001101010010110111000000010011010001110000000000000000000000000000000000000000000000000
010010110010111000110001001011011111001000100100000000000000000000000000000000000000000000000000000
101011000100111000101011100100011010011000111101000000000000000000000000000000000000000000000000000
111010011111101001101101101110100001111011011110100000000000000000000000000000000000000000000000000
000010111001111001111110000001100010111111000101000000000000000000000000000000000000000000000000000
101011000110010001100000101010000001100110101111100000000000000000000000000000000000000000000000000
110101011111101100000111001000011110001011010011100000000000000000000000000000000000000000000000000
100000110001001010000101101111010110000001010111100000000000000000000000000000000000000000000000000
000110001000001010000010101100010111100100110111100000000000000000000000000000000000000000000000000
101010100110000010001000100001000000010100110010100000000000000000000000000000000000000000000000000
001111101000001001011100010010111000100110100101110000000000000000000000000000000000000000000000000
110000001101011111101101101011110010110111001000100000000000000000000000000000000000000000000000000
100101111010101011110101000010000010010011011100100000000000000000000000000000000000000000000000000
101000111011011010111011101101010010101101100001000000000000000000000000000000000000000000000000000
011011110100001110000000101100011001111000110111000000000000000000000000000000000000000000000000000
