50 49
000000000000000000000000000000000000000000000000000000001000000100000000000000000000000000000000000
000000000000000000000000000000000000000000000000000001000000000000000000000000000000000000000000000
000000000000000000000000000000000000000000000000000000000000000000000000000000000000000000000000000
000000000000000000000000000000000000000000000000000000000001000000000000000000000000000000000000010
000000000000000000000000000000000000000000000000000000000000000000000000000000000000000000000000000
000000000000000000000000000000000000000000000000000100000000000000000000000000000000000000000000000
000000000000000000000000000000000000000000000000000000000000000000000000000000000000000000000000000
000000000000000000000000000000000000000000000000000000000000000000000000000000000000000000000000000
000000000000000000000000000000000000000000000000000000000000001000000000000000000000000000000000000
000000000000000000000000000000000000000000000000000000000000000000000010000000000000000000000000000
000000000000000000000000000000000000000000000000000000010000000001000000000000000000000000000000000
000000000000000000000000000000000000000000000000000000000000000000000000000000000000000000000000000
000000000000000000000000000000000000000000000000000000000000000000000000000001000000000000000000001
000000000000000000000000000000000000000000000000000000000000100000000000000000000000000000000000000
000000000000000000000000000000000000000000000000000000000000000000000000000000000000100000100000000
000000000000000000000000000000000000000000000000000000000000000000000000000000000010000000000000000
000000000000000000000000000000000000000000000000000000000000000000000000000000000000000000000000000
000000000000000000000000000000000000000000000000000000000000000000000000000100000100000000000000000
000000000000000000000000000000000000000000000000000000000000000000000000000000000000000000000000000
000000000000000000000000000000000000000000000000001000000000000000000000000000000000000000000000000
000000000000000000000000000000000000000000000000000000000000000000000100000000001000000000000000000
000000000000000000000000000000000000000000000000000000000000000000000000000000000000000000000000000
000000000000000000000000000000000000000000000000000000000000000000000000000000000000000000000000000
000000000000000000000000000000000000000000000000000000000000000000000001000000000001000000001000000
000000000000000000000000000000000000000000000000000000000010000000000000000000000000000000000000000
000000000000000000000000000000000000000000000000000000000100000000000000000000000000000000000000000
000000000000000000000000000000000000000000000000000000000000000000000000001000000000000000000001000
000000000000000000000000000000000000000000000000000000000000000000001000000000000000000000000000000
000000000000000000000000000000000000000000000000000000000000000000000000000000000000000000000010000
000000000000000000000000000000000000000000000000000000000000000000010000000000000000000000000000000
000000000000000000000000000000000000000000000000000000000000000000000000000000000000000000000000000
000000000000000000000000000000000000000000000000000000000000000000000000000000000000000101010000000
000000000000000000000000000000000000000000000000000000000000000000000000000000000000000000000000000
000000000000000000000000000000000000000000000000000000000000000010000000010000000000000000000000000
000000000000000000000000000000000000000000000000000000000000000000000000000000000000001000000000000
000000000000000000000000000000000000000000000000000000000000000000000000000000000000000000000000000
000000000000000000000000000000000000000000000000000010000000000000000000000000000000000000000000000
000000000000000000000000000000000000000000000000000000000000000000000000100000000000000000000000000
000000000000000000000000000000000000000000000000000000000000000000000000000000000000000000000000000
000000000000000000000000000000000000000000000000000000000000010000000000000000000000000000000000000
000000000000000000000000000000000000000000000000000000000000000000000000000010000000010000000100000
000000000000000000000000000000000000000000000000000000000000000000100000000000000000000000000000000
000000000000000000000000000000000000000000000000000000100000000000000000000000000000000000000000000
000000000000000000000000000000000000000000000000000000000000000000000000000000000000000000000000000
000000000000000000000000000000000000000000000000000000000000000000000000000000000000000000000000000
000000000000000000000000000000000000000000000000000000000000000000000000000000010000000000000000000
000000000000000000000000000000000000000000000000000000000000000000000000000000000000000000000000000
000000000000000000000000000000000000000000000000000000000000000000000000000000000000000000000000100
000000000000000000000000000000000000000000000000000000000000000000000000000000100000000010000000000
000000000000000000000000000000000000000000000000000000000000000000000000000000000000000000000000000
000000000000000000010000000000000000000000000000000000000000000000000000000000000000000000000000000
000001000000000000000000000000000000000000000000000000000000000000000000000000000000000000000000000
000000000000000000000000000000000000100000000000000000000000000000000000000000000000000000000000000
010000000000000000000000000000000000000000000000000000000000000000000000000000000000000000000000000
000000000000000000000000000000000000000000100000000000000000000000000000000000000000000000000000000
000000000010000000000000000000000000000000000000000000000000000000000000000000000000000000000000000
100000000000000000000000000000000000000000000000000000000000000000000000000000000000000000000000000
000000000000000000000000010000000000000000000000000000000000000000000000000000000000000000000000000
000000000000000000000000100000000000000000000000000000000000000000000000000000000000000000000000000
000100000000000000000000000000000000000000000000000000000000000000000000000000000000000000000000000
000000000000010000000000000000000000000000000000000000000000000000000000000000000000000000000000000
000000000000000000000000000000000000000100000000000000000000000000000000000000000000000000000000000
000000001000000000000000000000000000000000000000000000000000000000000000000000000000000000000000000
100000000000000000000000000000000000000000000000000000000000000000000000000000000000000000000000000
000000000000000000000000000000000100000000000000000000000000000000000000000000000000000000000000000
000000000010000000000000000000000000000000000000000000000000000000000000000000000000000000000000000
000000000000000000000000000000000000000001000000000000000000000000000000000000000000000000000000000
000000000000000000000000000001000000000000000000000000000000000000000000000000000000000000000000000
000000000000000000000000000100000000000000000000000000000000000000000000000000000000000000000000000
000000000000000000001000000000000000000000000000000000000000000000000000000000000000000000000000000
000000000100000000000000000000000000000000000000000000000000000000000000000000000000000000000000000
000000000000000000000001000000000000000000000000000000000000000000000000000000000000000000000000000
000000000000000000000000000000000000010000000000000000000000000000000000000000000000000000000000000
000000000000000000000000000000000100000000000000000000000000000000000000000000000000000000000000000
000000000000000000000000001000000000000000000000000000000000000000000000000000000000000000000000000
000000000000000001000000000000000000000000000000000000000000000000000000000000000000000000000000000
000000000000000000000000000000000000000010000000000000000000000000000000000000000000000000000000000
000000000000100000000000000000000000000000000000000000000000000000000000000000000000000000000000000
000000000000000000000000000000000000000000000000100000000000000000000000000000000000000000000000000
000000000000000000000000000000000000000000000100000000000000000000000000000000000000000000000000000
000000000000000000001000000000000000000000000000000000000000000000000000000000000000000000000000000
000000000000000001000000000000000000000000000000000000000000000000000000000000000000000000000000000
000000000000000100000000000000000000000000000000000000000000000000000000000000000000000000000000000
000000000000000000000001000000000000000000000000000000000000000000000000000000000000000000000000000
000000000000001000000000000000000000000000000000000000000000000000000000000000000000000000000000000
000000000000000000000000000000000000000010000000000000000000000000000000000000000000000000000000000
000000000000000000000000000000000010000000000000000000000000000000000000000000000000000000000000000
000000000000000000000000000000010000000000000000000000000000000000000000000000000000000000000000000
000000000000000000000000000000000000000000000000100000000000000000000000000000000000000000000000000
000000000000000000000000000000010000000000000000000000000000000000000000000000000000000000000000000
000000000000001000000000000000000000000000000000000000000000000000000000000000000000000000000000000
000000000000000000000000000000010000000000000000000000000000000000000000000000000000000000000000000
000000000000000000000001000000000000000000000000000000000000000000000000000000000000000000000000000
000000000000000000000000000000000000000010000000000000000000000000000000000000000000000000000000000
000000000000000000000000000010000000000000000000000000000000000000000000000000000000000000000000000
000000000000000000000000001000000000000000000000000000000000000000000000000000000000000000000000000
000000000000000000000000000000000000000000000001000000000000000000000000000000000000000000000000000
000100000000000000000000000000000000000000000000000000000000000000000000000000000000000000000000000
000000000000100000000000000000000000000000000000000000000000000000000000000000000000000000000000000
